0.0
0.0
0.0
0.0
0.0
0.0
0.0
0.0
0.0
0.0
0.0
0.0
0.0
0.0
0.0
0.0
0.0
438.0
34086.0
54736.0
56007.0
55375.0
54525.0
54733.0
57092.0
63076.0
70450.0
72580.0
65979.0
52825.0
39318.0
31246.0
26492.0
23952.0
21797.0
20375.0
18574.0
17250.0
16266.0
15235.0
14423.0
13485.0
12490.0
11497.0
9792.0
8479.0
7415.0
6553.0
5888.0
5332.0
4874.0
4524.0
4067.0
3825.0
3512.0
3196.0
2908.0
2803.0
2483.0
2297.0
2110.0
1924.0
1798.0
1742.0
1591.0
1402.0
1313.0
1186.0
1151.0
1084.0
960.0
855.0
847.0
810.0
761.0
661.0
606.0
588.0
521.0
517.0
484.0
420.0
398.0
362.0
360.0
363.0
329.0
326.0
310.0
243.0
268.0
253.0
239.0
244.0
200.0
204.0
189.0
196.0
185.0
164.0
173.0
188.0
138.0
156.0
155.0
136.0
149.0
149.0
129.0
128.0
112.0
113.0
136.0
125.0
116.0
100.0
129.0
132.0
119.0
110.0
110.0
99.0
111.0
108.0
96.0
127.0
106.0
96.0
117.0
92.0
114.0
117.0
90.0
104.0
113.0
122.0
102.0
93.0
96.0
118.0
100.0
113.0
91.0
104.0
113.0
96.0
103.0
108.0
81.0
98.0
111.0
102.0
110.0
106.0
103.0
100.0
108.0
88.0
110.0
113.0
118.0
105.0
113.0
109.0
109.0
101.0
125.0
97.0
94.0
99.0
107.0
110.0
102.0
95.0
99.0
99.0
95.0
97.0
108.0
118.0
91.0
119.0
104.0
111.0
115.0
112.0
94.0
120.0
107.0
86.0
77.0
94.0
97.0
95.0
117.0
108.0
84.0
135.0
117.0
108.0
104.0
109.0
113.0
96.0
104.0
95.0
122.0
104.0
136.0
98.0
110.0
94.0
104.0
110.0
114.0
106.0
117.0
110.0
98.0
113.0
100.0
120.0
99.0
113.0
80.0
124.0
117.0
105.0
115.0
102.0
117.0
93.0
99.0
125.0
121.0
115.0
109.0
119.0
102.0
106.0
102.0
119.0
90.0
110.0
115.0
93.0
98.0
124.0
135.0
123.0
125.0
115.0
118.0
125.0
113.0
107.0
126.0
124.0
121.0
140.0
118.0
106.0
106.0
109.0
111.0
125.0
114.0
112.0
100.0
118.0
135.0
134.0
127.0
106.0
103.0
112.0
112.0
132.0
111.0
132.0
126.0
117.0
121.0
127.0
140.0
140.0
133.0
135.0
128.0
128.0
108.0
135.0
153.0
142.0
145.0
124.0
137.0
149.0
137.0
126.0
160.0
129.0
119.0
130.0
126.0
143.0
114.0
142.0
125.0
139.0
139.0
106.0
142.0
117.0
129.0
138.0
160.0
113.0
122.0
127.0
118.0
137.0
150.0
124.0
144.0
151.0
141.0
124.0
158.0
145.0
127.0
138.0
125.0
121.0
121.0
131.0
146.0
144.0
137.0
149.0
144.0
140.0
129.0
138.0
127.0
133.0
141.0
141.0
144.0
134.0
130.0
153.0
137.0
155.0
155.0
158.0
135.0
171.0
132.0
150.0
157.0
131.0
133.0
133.0
132.0
126.0
156.0
154.0
149.0
133.0
139.0
154.0
163.0
141.0
146.0
130.0
136.0
152.0
153.0
126.0
139.0
131.0
151.0
117.0
160.0
149.0
158.0
143.0
166.0
145.0
167.0
130.0
146.0
165.0
140.0
145.0
153.0
167.0
137.0
146.0
142.0
158.0
157.0
147.0
142.0
142.0
144.0
143.0
151.0
155.0
141.0
135.0
177.0
163.0
158.0
168.0
172.0
172.0
165.0
146.0
164.0
159.0
171.0
171.0
158.0
162.0
137.0
138.0
149.0
166.0
130.0
157.0
175.0
177.0
135.0
167.0
151.0
154.0
160.0
157.0
163.0
153.0
163.0
184.0
152.0
165.0
157.0
152.0
168.0
162.0
186.0
170.0
161.0
166.0
166.0
142.0
142.0
165.0
187.0
182.0
165.0
173.0
143.0
177.0
173.0
158.0
154.0
166.0
159.0
172.0
184.0
172.0
186.0
193.0
193.0
214.0
185.0
210.0
231.0
204.0
222.0
260.0
251.0
271.0
238.0
290.0
274.0
281.0
242.0
245.0
260.0
263.0
271.0
249.0
254.0
230.0
268.0
244.0
235.0
224.0
226.0
204.0
202.0
205.0
202.0
218.0
199.0
202.0
188.0
222.0
234.0
190.0
220.0
240.0
235.0
249.0
313.0
268.0
256.0
251.0
268.0
255.0
230.0
237.0
209.0
212.0
216.0
198.0
213.0
214.0
211.0
225.0
191.0
216.0
191.0
178.0
200.0
203.0
211.0
210.0
194.0
204.0
217.0
218.0
235.0
220.0
233.0
231.0
221.0
261.0
226.0
219.0
246.0
258.0
221.0
239.0
238.0
253.0
213.0
254.0
214.0
226.0
202.0
235.0
261.0
215.0
224.0
250.0
249.0
285.0
311.0
270.0
317.0
302.0
267.0
285.0
282.0
275.0
260.0
266.0
248.0
228.0
202.0
251.0
222.0
224.0
231.0
225.0
225.0
242.0
257.0
224.0
239.0
249.0
228.0
248.0
233.0
232.0
220.0
208.0
228.0
223.0
210.0
232.0
234.0
222.0
242.0
226.0
197.0
252.0
256.0
267.0
257.0
268.0
275.0
280.0
275.0
290.0
284.0
287.0
275.0
271.0
246.0
249.0
257.0
247.0
238.0
243.0
230.0
243.0
238.0
241.0
221.0
238.0
254.0
221.0
231.0
267.0
250.0
225.0
262.0
228.0
217.0
257.0
227.0
239.0
237.0
230.0
237.0
242.0
242.0
241.0
223.0
227.0
257.0
231.0
200.0
252.0
234.0
241.0
255.0
246.0
269.0
220.0
244.0
251.0
253.0
230.0
242.0
280.0
248.0
229.0
252.0
254.0
215.0
262.0
233.0
259.0
232.0
254.0
245.0
234.0
238.0
262.0
281.0
196.0
241.0
233.0
254.0
211.0
236.0
238.0
267.0
235.0
254.0
271.0
244.0
249.0
246.0
235.0
231.0
250.0
247.0
248.0
235.0
234.0
286.0
225.0
252.0
247.0
249.0
262.0
253.0
235.0
223.0
269.0
267.0
247.0
264.0
229.0
231.0
271.0
267.0
237.0
255.0
245.0
266.0
247.0
279.0
275.0
220.0
266.0
300.0
234.0
265.0
242.0
259.0
266.0
266.0
237.0
284.0
252.0
231.0
290.0
230.0
272.0
257.0
261.0
264.0
224.0
264.0
231.0
269.0
248.0
254.0
265.0
256.0
288.0
297.0
296.0
261.0
262.0
260.0
255.0
281.0
251.0
257.0
265.0
251.0
267.0
265.0
267.0
264.0
251.0
291.0
213.0
237.0
300.0
235.0
269.0
274.0
257.0
240.0
269.0
280.0
270.0
270.0
266.0
270.0
258.0
302.0
255.0
267.0
267.0
273.0
296.0
304.0
289.0
259.0
331.0
292.0
330.0
292.0
262.0
293.0
282.0
276.0
295.0
292.0
275.0
267.0
252.0
283.0
271.0
260.0
281.0
261.0
308.0
265.0
256.0
278.0
292.0
295.0
290.0
253.0
305.0
298.0
302.0
280.0
256.0
294.0
282.0
275.0
245.0
277.0
293.0
271.0
291.0
283.0
275.0
246.0
355.0
281.0
291.0
299.0
291.0
287.0
292.0
292.0
296.0
296.0
299.0
307.0
289.0
305.0
292.0
294.0
294.0
329.0
340.0
282.0
312.0
312.0
321.0
315.0
312.0
319.0
319.0
291.0
310.0
329.0
316.0
314.0
328.0
316.0
312.0
323.0
313.0
338.0
323.0
332.0
375.0
324.0
337.0
343.0
324.0
332.0
317.0
360.0
299.0
353.0
314.0
346.0
342.0
335.0
345.0
319.0
334.0
378.0
337.0
324.0
371.0
321.0
328.0
371.0
385.0
359.0
335.0
362.0
331.0
367.0
349.0
369.0
370.0
320.0
389.0
335.0
367.0
360.0
370.0
362.0
362.0
359.0
364.0
350.0
371.0
344.0
364.0
355.0
381.0
369.0
366.0
385.0
396.0
375.0
361.0
391.0
337.0
367.0
397.0
394.0
411.0
381.0
364.0
394.0
393.0
406.0
381.0
421.0
405.0
400.0
404.0
408.0
439.0
430.0
423.0
407.0
429.0
391.0
403.0
432.0
437.0
388.0
439.0
424.0
419.0
415.0
459.0
458.0
432.0
441.0
440.0
443.0
450.0
466.0
480.0
499.0
485.0
496.0
486.0
479.0
458.0
541.0
512.0
525.0
517.0
530.0
554.0
537.0
526.0
571.0
585.0
568.0
599.0
669.0
657.0
618.0
646.0
686.0
685.0
685.0
701.0
755.0
785.0
794.0
803.0
827.0
876.0
951.0
915.0
1002.0
1004.0
1084.0
1093.0
1183.0
1313.0
1377.0
1465.0
1469.0
1653.0
1776.0
1921.0
2110.0
2261.0
2406.0
2773.0
2947.0
3264.0
3722.0
4253.0
4794.0
5443.0
6324.0
7131.0
8157.0
9145.0
10651.0
11690.0
13228.0
14490.0
15558.0
17344.0
18864.0
20779.0
22303.0
23992.0
25582.0
27551.0
28677.0
29850.0
30956.0
32211.0
32978.0
33628.0
34214.0
34339.0
34346.0
34782.0
33279.0
32153.0
30846.0
28628.0
26563.0
24046.0
22022.0
20524.0
19827.0
19454.0
20080.0
20450.0
21716.0
23073.0
24577.0
25610.0
26633.0
26877.0
27277.0
26898.0
25986.0
24393.0
22619.0
20013.0
17150.0
14125.0
11035.0
8234.0
5820.0
4128.0
2994.0
2109.0
1588.0
1196.0
1021.0
936.0
920.0
923.0
926.0
1001.0
1073.0
1186.0
1210.0
1370.0
1405.0
1552.0
1733.0
1932.0
2155.0
2447.0
2802.0
3102.0
3563.0
4125.0
4788.0
5901.0
6718.0
7792.0
9290.0
11030.0
13018.0
14853.0
17586.0
20004.0
22619.0
25268.0
27745.0
29786.0
31667.0
32701.0
33662.0
33740.0
33517.0
32337.0
30344.0
28073.0
24471.0
20847.0
16476.0
12676.0
8969.0
6201.0
3891.0
2726.0
1656.0
1090.0
852.0
636.0
548.0
546.0
497.0
514.0
491.0
424.0
415.0
352.0
355.0
321.0
368.0
324.0
347.0
309.0
326.0
341.0
349.0
340.0
370.0
362.0
362.0
429.0
418.0
398.0
415.0
512.0
493.0
507.0
480.0
564.0
609.0
590.0
645.0
747.0
783.0
834.0
953.0
1075.0
1186.0
1296.0
1545.0
1762.0
2062.0
2343.0
2846.0
3217.0
3811.0
4411.0
5196.0
5950.0
6563.0
7607.0
8324.0
9114.0
9753.0
10398.0
11050.0
11293.0
11468.0
11196.0
10972.0
10666.0
9724.0
9135.0
8030.0
7189.0
6070.0
5153.0
4553.0
3871.0
3291.0
2798.0
2386.0
1945.0
1642.0
1473.0
1366.0
1254.0
1342.0
1366.0
1456.0
1671.0
1796.0
2077.0
2253.0
2629.0
3063.0
3575.0
4251.0
4913.0
5874.0
7136.0
8518.0
10211.0
12450.0
14462.0
17145.0
20047.0
22956.0
26190.0
28929.0
32013.0
33576.0
35607.0
36512.0
37351.0
36447.0
35346.0
33197.0
29879.0
26253.0
21985.0
17136.0
12516.0
8561.0
5578.0
3295.0
1813.0
1019.0
553.0
360.0
265.0
233.0
168.0
187.0
183.0
187.0
171.0
170.0
180.0
180.0
189.0
172.0
181.0
173.0
186.0
170.0
203.0
177.0
178.0
228.0
195.0
217.0
203.0
212.0
210.0
232.0
246.0
237.0
224.0
247.0
242.0
226.0
276.0
286.0
280.0
299.0
305.0
307.0
338.0
337.0
362.0
401.0
359.0
396.0
416.0
473.0
447.0
535.0
560.0
605.0
633.0
712.0
761.0
781.0
892.0
1003.0
1079.0
1161.0
1261.0
1466.0
1537.0
1798.0
2044.0
2312.0
2545.0
3123.0
3664.0
4453.0
5244.0
6341.0
7750.0
9430.0
11314.0
13360.0
16155.0
19057.0
22035.0
25087.0
28530.0
31436.0
33755.0
35981.0
37466.0
38192.0
37815.0
36816.0
34070.0
31010.0
27125.0
22604.0
17551.0
12944.0
9022.0
5657.0
3385.0
1872.0
976.0
472.0
253.0
155.0
75.0
77.0
75.0
81.0
61.0
69.0
55.0
61.0
57.0
43.0
61.0
54.0
45.0
55.0
51.0
39.0
59.0
40.0
36.0
48.0
33.0
41.0
47.0
38.0
40.0
48.0
42.0
38.0
36.0
36.0
44.0
49.0
40.0
48.0
46.0
46.0
43.0
42.0
50.0
47.0
57.0
46.0
40.0
46.0
47.0
38.0
46.0
34.0
45.0
33.0
39.0
47.0
38.0
42.0
39.0
34.0
28.0
48.0
53.0
43.0
43.0
42.0
38.0
49.0
46.0
44.0
41.0
40.0
60.0
62.0
52.0
41.0
46.0
50.0
43.0
50.0
37.0
49.0
44.0
44.0
46.0
44.0
34.0
46.0
26.0
57.0
46.0
44.0
41.0
48.0
42.0
41.0
57.0
33.0
53.0
49.0
52.0
49.0
33.0
47.0
45.0
49.0
43.0
39.0
38.0
38.0
41.0
47.0
52.0
41.0
36.0
40.0
46.0
57.0
45.0
46.0
36.0
57.0
32.0
49.0
58.0
41.0
68.0
49.0
52.0
37.0
38.0
48.0
56.0
48.0
48.0
45.0
37.0
40.0
42.0
41.0
51.0
53.0
52.0
39.0
43.0
50.0
46.0
46.0
49.0
44.0
40.0
46.0
44.0
53.0
45.0
31.0
48.0
43.0
54.0
60.0
55.0
42.0
44.0
55.0
44.0
50.0
42.0
57.0
47.0
43.0
45.0
55.0
52.0
47.0
57.0
51.0
51.0
39.0
63.0
42.0
50.0
52.0
47.0
51.0
51.0
53.0
49.0
65.0
47.0
54.0
52.0
54.0
44.0
40.0
40.0
49.0
56.0
41.0
53.0
39.0
48.0
55.0
43.0
42.0
43.0
42.0
63.0
38.0
46.0
58.0
38.0
43.0
60.0
54.0
42.0
45.0
47.0
52.0
52.0
53.0
48.0
53.0
51.0
36.0
45.0
54.0
54.0
48.0
63.0
44.0
51.0
45.0
36.0
46.0
52.0
48.0
54.0
50.0
49.0
60.0
54.0
51.0
50.0
61.0
48.0
47.0
57.0
54.0
60.0
47.0
53.0
64.0
46.0
43.0
60.0
54.0
62.0
71.0
51.0
60.0
61.0
58.0
47.0
53.0
69.0
75.0
61.0
73.0
54.0
67.0
51.0
63.0
69.0
73.0
66.0
67.0
80.0
85.0
76.0
71.0
65.0
85.0
79.0
75.0
72.0
60.0
92.0
82.0
79.0
70.0
87.0
63.0
67.0
73.0
69.0
78.0
83.0
72.0
67.0
68.0
79.0
80.0
74.0
81.0
78.0
81.0
75.0
86.0
92.0
79.0
106.0
93.0
98.0
85.0
70.0
83.0
87.0
86.0
83.0
90.0
78.0
74.0
83.0
99.0
100.0
95.0
85.0
97.0
84.0
106.0
100.0
98.0
107.0
100.0
100.0
104.0
123.0
123.0
89.0
124.0
132.0
172.0
146.0
152.0
157.0
147.0
162.0
170.0
174.0
188.0
180.0
208.0
200.0
214.0
274.0
252.0
255.0
298.0
268.0
350.0
358.0
360.0
412.0
460.0
505.0
528.0
552.0
655.0
683.0
805.0
860.0
970.0
1064.0
1234.0
1390.0
1582.0
1955.0
2276.0
2803.0
3417.0
4324.0
5442.0
6527.0
8096.0
9787.0
11863.0
14465.0
16918.0
19423.0
21613.0
24029.0
25762.0
26814.0
27238.0
26546.0
25190.0
22655.0
19363.0
15440.0
11991.0
8495.0
5704.0
3485.0
2154.0
1240.0
761.0
563.0
415.0
330.0
280.0
274.0
227.0
194.0
218.0
203.0
160.0
167.0
171.0
113.0
135.0
116.0
113.0
116.0
97.0
113.0
86.0
92.0
95.0
79.0
51.0
71.0
67.0
53.0
63.0
50.0
54.0
46.0
28.0
39.0
40.0
33.0
33.0
37.0
26.0
29.0
21.0
21.0
25.0
30.0
22.0
18.0
13.0
22.0
14.0
12.0
12.0
11.0
13.0
16.0
8.0
9.0
7.0
6.0
2.0
5.0
8.0
4.0
4.0
10.0
5.0
4.0
4.0
6.0
4.0
2.0
7.0
11.0
2.0
3.0
4.0
6.0
2.0
5.0
5.0
2.0
6.0
5.0
1.0
2.0
8.0
4.0
2.0
2.0
2.0
5.0
5.0
4.0
3.0
1.0
5.0
6.0
4.0
2.0
1.0
0.0
1.0
5.0
3.0
5.0
1.0
2.0
1.0
1.0
5.0
2.0
4.0
2.0
4.0
2.0
2.0
3.0
2.0
2.0
1.0
2.0
2.0
0.0
7.0
1.0
8.0
3.0
3.0
3.0
0.0
3.0
0.0
1.0
3.0
3.0
4.0
3.0
5.0
3.0
3.0
1.0
4.0
1.0
2.0
1.0
5.0
3.0
4.0
4.0
3.0
0.0
2.0
2.0
0.0
3.0
1.0
0.0
4.0
4.0
0.0
3.0
1.0
2.0
5.0
3.0
1.0
5.0
2.0
1.0
4.0
2.0
1.0
5.0
4.0
5.0
2.0
3.0
1.0
5.0
0.0
0.0
8.0
3.0
4.0
0.0
3.0
2.0
1.0
4.0
3.0
2.0
4.0
5.0
4.0
2.0
1.0
1.0
2.0
6.0
0.0
4.0
1.0
2.0
0.0
2.0
3.0
2.0
4.0
2.0
3.0
1.0
2.0
2.0
1.0
3.0
5.0
2.0
0.0
0.0
0.0
0.0
0.0
0.0
0.0
0.0
0.0
0.0
0.0
0.0
0.0
0.0
0.0
0.0
0.0
0.0
0.0
0.0
0.0
0.0
0.0
0.0
0.0
0.0
0.0
0.0
0.0
0.0
0.0
0.0
0.0
0.0
0.0
0.0
0.0
0.0
0.0
0.0
0.0
0.0
0.0
0.0
0.0
0.0
0.0
0.0
0.0
0.0
0.0
0.0
0.0
0.0
0.0
0.0
0.0
0.0
0.0
0.0
0.0
0.0
0.0
0.0
