12.40|1.19000E+00|
4.000E+00|1.004E+03|
4.001E+00|1.004E+03|
4.002E+00|1.004E+03|
4.003E+00|1.004E+03|
4.004E+00|1.004E+03|
4.005E+00|1.004E+03|
4.006E+00|1.003E+03|
4.007E+00|1.003E+03|
4.008E+00|1.003E+03|
4.009E+00|1.003E+03|
4.010E+00|1.003E+03|
4.011E+00|1.003E+03|
4.012E+00|1.002E+03|
4.013E+00|1.002E+03|
4.014E+00|1.002E+03|
4.015E+00|1.002E+03|
4.016E+00|1.002E+03|
4.017E+00|1.002E+03|
4.018E+00|1.001E+03|
4.019E+00|1.001E+03|
4.020E+00|1.001E+03|
4.021E+00|1.001E+03|
4.022E+00|1.001E+03|
4.023E+00|1.001E+03|
4.024E+00|1.000E+03|
4.025E+00|1.000E+03|
4.026E+00|1.000E+03|
4.027E+00|9.999E+02|
4.028E+00|9.997E+02|
4.029E+00|9.995E+02|
4.030E+00|9.994E+02|
4.031E+00|9.992E+02|
4.032E+00|9.990E+02|
4.033E+00|9.989E+02|
4.034E+00|9.987E+02|
4.035E+00|9.985E+02|
4.036E+00|9.983E+02|
4.037E+00|9.982E+02|
4.038E+00|9.980E+02|
4.039E+00|9.978E+02|
4.040E+00|9.977E+02|
4.041E+00|9.975E+02|
4.042E+00|9.973E+02|
4.043E+00|9.972E+02|
4.044E+00|9.970E+02|
4.045E+00|9.968E+02|
4.046E+00|9.967E+02|
4.047E+00|9.965E+02|
4.048E+00|9.963E+02|
4.049E+00|9.961E+02|
4.050E+00|9.960E+02|
4.051E+00|9.958E+02|
4.052E+00|9.956E+02|
4.053E+00|9.955E+02|
4.054E+00|9.953E+02|
4.055E+00|9.951E+02|
4.056E+00|9.950E+02|
4.057E+00|9.948E+02|
4.058E+00|9.946E+02|
4.059E+00|9.945E+02|
4.060E+00|9.943E+02|
4.061E+00|9.941E+02|
4.062E+00|9.940E+02|
4.063E+00|9.938E+02|
4.064E+00|9.936E+02|
4.065E+00|9.935E+02|
4.066E+00|9.933E+02|
4.067E+00|9.931E+02|
4.068E+00|9.930E+02|
4.069E+00|9.928E+02|
4.070E+00|9.926E+02|
4.071E+00|9.925E+02|
4.072E+00|9.923E+02|
4.073E+00|9.921E+02|
4.074E+00|9.920E+02|
4.075E+00|9.918E+02|
4.076E+00|9.916E+02|
4.077E+00|9.915E+02|
4.078E+00|9.913E+02|
4.079E+00|9.911E+02|
4.080E+00|9.910E+02|
4.081E+00|9.908E+02|
4.082E+00|9.906E+02|
4.083E+00|9.905E+02|
4.084E+00|9.903E+02|
4.085E+00|9.901E+02|
4.086E+00|9.900E+02|
4.087E+00|9.898E+02|
4.088E+00|9.896E+02|
4.089E+00|9.895E+02|
4.090E+00|9.893E+02|
4.091E+00|9.891E+02|
4.092E+00|9.890E+02|
4.093E+00|9.888E+02|
4.094E+00|9.886E+02|
4.095E+00|9.885E+02|
4.096E+00|9.883E+02|
4.097E+00|9.881E+02|
4.098E+00|9.880E+02|
4.099E+00|9.878E+02|
4.100E+00|9.876E+02|
4.101E+00|9.875E+02|
4.102E+00|9.873E+02|
4.103E+00|9.871E+02|
4.104E+00|9.870E+02|
4.105E+00|9.868E+02|
4.106E+00|9.866E+02|
4.107E+00|9.865E+02|
4.108E+00|9.863E+02|
4.109E+00|9.862E+02|
4.110E+00|9.860E+02|
4.111E+00|9.858E+02|
4.112E+00|9.857E+02|
4.113E+00|9.855E+02|
4.114E+00|9.853E+02|
4.115E+00|9.852E+02|
4.116E+00|9.850E+02|
4.117E+00|9.848E+02|
4.118E+00|9.847E+02|
4.119E+00|9.845E+02|
4.120E+00|9.843E+02|
4.121E+00|9.842E+02|
4.122E+00|9.840E+02|
4.123E+00|9.839E+02|
4.124E+00|9.837E+02|
4.125E+00|9.835E+02|
4.126E+00|9.834E+02|
4.127E+00|9.832E+02|
4.128E+00|9.830E+02|
4.129E+00|9.829E+02|
4.130E+00|9.827E+02|
4.131E+00|9.825E+02|
4.132E+00|9.824E+02|
4.133E+00|9.822E+02|
4.134E+00|9.821E+02|
4.135E+00|9.819E+02|
4.136E+00|9.817E+02|
4.137E+00|9.816E+02|
4.138E+00|9.814E+02|
4.139E+00|9.812E+02|
4.140E+00|9.811E+02|
4.141E+00|9.809E+02|
4.142E+00|9.808E+02|
4.143E+00|9.806E+02|
4.144E+00|9.804E+02|
4.145E+00|9.803E+02|
4.146E+00|9.801E+02|
4.147E+00|9.799E+02|
4.148E+00|9.798E+02|
4.149E+00|9.796E+02|
4.150E+00|9.795E+02|
4.151E+00|9.793E+02|
4.152E+00|9.791E+02|
4.153E+00|9.790E+02|
4.154E+00|9.788E+02|
4.155E+00|9.787E+02|
4.156E+00|9.785E+02|
4.157E+00|9.783E+02|
4.158E+00|9.782E+02|
4.159E+00|9.780E+02|
4.160E+00|9.778E+02|
4.161E+00|9.777E+02|
4.162E+00|9.775E+02|
4.163E+00|9.774E+02|
4.164E+00|9.772E+02|
4.165E+00|9.770E+02|
4.166E+00|9.769E+02|
4.167E+00|9.767E+02|
4.168E+00|9.766E+02|
4.169E+00|9.764E+02|
4.170E+00|9.762E+02|
4.171E+00|9.761E+02|
4.172E+00|9.759E+02|
4.173E+00|9.758E+02|
4.174E+00|9.756E+02|
4.175E+00|9.754E+02|
4.176E+00|9.753E+02|
4.177E+00|9.751E+02|
4.178E+00|9.749E+02|
4.179E+00|9.748E+02|
4.180E+00|9.746E+02|
4.181E+00|9.745E+02|
4.182E+00|9.743E+02|
4.183E+00|9.741E+02|
4.184E+00|9.740E+02|
4.185E+00|9.738E+02|
4.186E+00|9.737E+02|
4.187E+00|9.735E+02|
4.188E+00|9.733E+02|
4.189E+00|9.732E+02|
4.190E+00|9.730E+02|
4.191E+00|9.729E+02|
4.192E+00|9.727E+02|
4.193E+00|9.726E+02|
4.194E+00|9.724E+02|
4.195E+00|9.722E+02|
4.196E+00|9.721E+02|
4.197E+00|9.719E+02|
4.198E+00|9.718E+02|
4.199E+00|9.716E+02|
4.200E+00|9.714E+02|
4.201E+00|9.713E+02|
4.202E+00|9.711E+02|
4.203E+00|9.710E+02|
4.204E+00|9.708E+02|
4.205E+00|9.706E+02|
4.206E+00|9.705E+02|
4.207E+00|9.703E+02|
4.208E+00|9.702E+02|
4.209E+00|9.700E+02|
4.210E+00|9.699E+02|
4.211E+00|9.697E+02|
4.212E+00|9.695E+02|
4.213E+00|9.694E+02|
4.214E+00|9.692E+02|
4.215E+00|9.691E+02|
4.216E+00|9.689E+02|
4.217E+00|9.687E+02|
4.218E+00|9.686E+02|
4.219E+00|9.684E+02|
4.220E+00|9.683E+02|
4.221E+00|9.681E+02|
4.222E+00|9.680E+02|
4.223E+00|9.678E+02|
4.224E+00|9.676E+02|
4.225E+00|9.675E+02|
4.226E+00|9.673E+02|
4.227E+00|9.672E+02|
4.228E+00|9.670E+02|
4.229E+00|9.669E+02|
4.230E+00|9.667E+02|
4.231E+00|9.665E+02|
4.232E+00|9.664E+02|
4.233E+00|9.662E+02|
4.234E+00|9.661E+02|
4.235E+00|9.659E+02|
4.236E+00|9.658E+02|
4.237E+00|9.656E+02|
4.238E+00|9.654E+02|
4.239E+00|9.653E+02|
4.240E+00|9.651E+02|
4.241E+00|9.650E+02|
4.242E+00|9.648E+02|
4.243E+00|9.647E+02|
4.244E+00|9.645E+02|
4.245E+00|9.643E+02|
4.246E+00|9.642E+02|
4.247E+00|9.640E+02|
4.248E+00|9.639E+02|
4.249E+00|9.637E+02|
4.250E+00|9.636E+02|
4.251E+00|9.634E+02|
4.252E+00|9.633E+02|
4.253E+00|9.631E+02|
4.254E+00|9.629E+02|
4.255E+00|9.628E+02|
4.256E+00|9.626E+02|
4.257E+00|9.625E+02|
4.258E+00|9.623E+02|
4.259E+00|9.622E+02|
4.260E+00|9.620E+02|
4.261E+00|9.619E+02|
4.262E+00|9.617E+02|
4.263E+00|9.615E+02|
4.264E+00|9.614E+02|
4.265E+00|9.612E+02|
4.266E+00|9.611E+02|
4.267E+00|9.609E+02|
4.268E+00|9.608E+02|
4.269E+00|9.606E+02|
4.270E+00|9.605E+02|
4.271E+00|9.603E+02|
4.272E+00|9.601E+02|
4.273E+00|9.600E+02|
4.274E+00|9.598E+02|
4.275E+00|9.597E+02|
4.276E+00|9.595E+02|
4.277E+00|9.594E+02|
4.278E+00|9.592E+02|
4.279E+00|9.591E+02|
4.280E+00|9.589E+02|
4.281E+00|9.588E+02|
4.282E+00|9.586E+02|
4.283E+00|9.585E+02|
4.284E+00|9.583E+02|
4.285E+00|9.581E+02|
4.286E+00|9.580E+02|
4.287E+00|9.578E+02|
4.288E+00|9.577E+02|
4.289E+00|9.575E+02|
4.290E+00|9.574E+02|
4.291E+00|9.572E+02|
4.292E+00|9.571E+02|
4.293E+00|9.569E+02|
4.294E+00|9.568E+02|
4.295E+00|9.566E+02|
4.296E+00|9.565E+02|
4.297E+00|9.563E+02|
4.298E+00|9.561E+02|
4.299E+00|9.560E+02|
4.300E+00|9.558E+02|
4.301E+00|9.557E+02|
4.302E+00|9.555E+02|
4.303E+00|9.554E+02|
4.304E+00|9.552E+02|
4.305E+00|9.551E+02|
4.306E+00|9.549E+02|
4.307E+00|9.548E+02|
4.308E+00|9.546E+02|
4.309E+00|9.545E+02|
4.310E+00|9.543E+02|
4.311E+00|9.542E+02|
4.312E+00|9.540E+02|
4.313E+00|9.539E+02|
4.314E+00|9.537E+02|
4.315E+00|9.535E+02|
4.316E+00|9.534E+02|
4.317E+00|9.532E+02|
4.318E+00|9.531E+02|
4.319E+00|9.529E+02|
4.320E+00|9.528E+02|
4.321E+00|9.526E+02|
4.322E+00|9.525E+02|
4.323E+00|9.523E+02|
4.324E+00|9.522E+02|
4.325E+00|9.520E+02|
4.326E+00|9.519E+02|
4.327E+00|9.517E+02|
4.328E+00|9.516E+02|
4.329E+00|9.514E+02|
4.330E+00|9.513E+02|
4.331E+00|9.511E+02|
4.332E+00|9.510E+02|
4.333E+00|9.508E+02|
4.334E+00|9.507E+02|
4.335E+00|9.505E+02|
4.336E+00|9.504E+02|
4.337E+00|9.502E+02|
4.338E+00|9.501E+02|
4.339E+00|9.499E+02|
4.340E+00|9.498E+02|
4.341E+00|9.496E+02|
4.342E+00|9.495E+02|
4.343E+00|9.493E+02|
4.344E+00|9.492E+02|
4.345E+00|9.490E+02|
4.346E+00|9.489E+02|
4.347E+00|9.487E+02|
4.348E+00|9.486E+02|
4.349E+00|9.484E+02|
4.350E+00|9.483E+02|
4.351E+00|9.481E+02|
4.352E+00|9.480E+02|
4.353E+00|9.478E+02|
4.354E+00|9.477E+02|
4.355E+00|9.475E+02|
4.356E+00|9.474E+02|
4.357E+00|9.472E+02|
4.358E+00|9.471E+02|
4.359E+00|9.469E+02|
4.360E+00|9.468E+02|
4.361E+00|9.466E+02|
4.362E+00|9.465E+02|
4.363E+00|9.463E+02|
4.364E+00|9.462E+02|
4.365E+00|9.460E+02|
4.366E+00|9.459E+02|
4.367E+00|9.457E+02|
4.368E+00|9.456E+02|
4.369E+00|9.454E+02|
4.370E+00|9.453E+02|
4.371E+00|9.451E+02|
4.372E+00|9.450E+02|
4.373E+00|9.448E+02|
4.374E+00|9.447E+02|
4.375E+00|9.445E+02|
4.376E+00|9.444E+02|
4.377E+00|9.442E+02|
4.378E+00|9.441E+02|
4.379E+00|9.439E+02|
4.380E+00|9.438E+02|
4.381E+00|9.436E+02|
4.382E+00|9.435E+02|
4.383E+00|9.433E+02|
4.384E+00|9.432E+02|
4.385E+00|9.430E+02|
4.386E+00|9.429E+02|
4.387E+00|9.427E+02|
4.388E+00|9.426E+02|
4.389E+00|9.424E+02|
4.390E+00|9.423E+02|
4.391E+00|9.421E+02|
4.392E+00|9.420E+02|
4.393E+00|9.418E+02|
4.394E+00|9.417E+02|
4.395E+00|9.415E+02|
4.396E+00|9.414E+02|
4.397E+00|9.413E+02|
4.398E+00|9.411E+02|
4.399E+00|9.410E+02|
4.400E+00|9.408E+02|
4.401E+00|9.407E+02|
4.402E+00|9.405E+02|
4.403E+00|9.404E+02|
4.404E+00|9.402E+02|
4.405E+00|9.401E+02|
4.406E+00|9.399E+02|
4.407E+00|9.398E+02|
4.408E+00|9.396E+02|
4.409E+00|9.395E+02|
4.410E+00|9.393E+02|
4.411E+00|9.392E+02|
4.412E+00|9.390E+02|
4.413E+00|9.389E+02|
4.414E+00|9.387E+02|
4.415E+00|9.386E+02|
4.416E+00|9.385E+02|
4.417E+00|9.383E+02|
4.418E+00|9.382E+02|
4.419E+00|9.380E+02|
4.420E+00|9.379E+02|
4.421E+00|9.377E+02|
4.422E+00|9.376E+02|
4.423E+00|9.374E+02|
4.424E+00|9.373E+02|
4.425E+00|9.371E+02|
4.426E+00|9.370E+02|
4.427E+00|9.368E+02|
4.428E+00|9.367E+02|
4.429E+00|9.365E+02|
4.430E+00|9.364E+02|
4.431E+00|9.363E+02|
4.432E+00|9.361E+02|
4.433E+00|9.360E+02|
4.434E+00|9.358E+02|
4.435E+00|9.357E+02|
4.436E+00|9.355E+02|
4.437E+00|9.354E+02|
4.438E+00|9.352E+02|
4.439E+00|9.351E+02|
4.440E+00|9.349E+02|
4.441E+00|9.348E+02|
4.442E+00|9.347E+02|
4.443E+00|9.345E+02|
4.444E+00|9.344E+02|
4.445E+00|9.342E+02|
4.446E+00|9.341E+02|
4.447E+00|9.339E+02|
4.448E+00|9.338E+02|
4.449E+00|9.336E+02|
4.450E+00|9.335E+02|
4.451E+00|9.333E+02|
4.452E+00|9.332E+02|
4.453E+00|9.331E+02|
4.454E+00|9.329E+02|
4.455E+00|9.328E+02|
4.456E+00|9.326E+02|
4.457E+00|9.325E+02|
4.458E+00|9.323E+02|
4.459E+00|9.322E+02|
4.460E+00|9.320E+02|
4.461E+00|9.319E+02|
4.462E+00|9.318E+02|
4.463E+00|9.316E+02|
4.464E+00|9.315E+02|
4.465E+00|9.313E+02|
4.466E+00|9.312E+02|
4.467E+00|9.310E+02|
4.468E+00|9.309E+02|
4.469E+00|9.307E+02|
4.470E+00|9.306E+02|
4.471E+00|9.305E+02|
4.472E+00|9.303E+02|
4.473E+00|9.302E+02|
4.474E+00|9.300E+02|
4.475E+00|9.299E+02|
4.476E+00|9.297E+02|
4.477E+00|9.296E+02|
4.478E+00|9.295E+02|
4.479E+00|9.293E+02|
4.480E+00|9.292E+02|
4.481E+00|9.290E+02|
4.482E+00|9.289E+02|
4.483E+00|9.287E+02|
4.484E+00|9.286E+02|
4.485E+00|9.285E+02|
4.486E+00|9.283E+02|
4.487E+00|9.282E+02|
4.488E+00|9.280E+02|
4.489E+00|9.279E+02|
4.490E+00|9.277E+02|
4.491E+00|9.276E+02|
4.492E+00|9.274E+02|
4.493E+00|9.273E+02|
4.494E+00|9.272E+02|
4.495E+00|9.270E+02|
4.496E+00|9.269E+02|
4.497E+00|9.267E+02|
4.498E+00|9.266E+02|
4.499E+00|9.265E+02|
4.500E+00|9.263E+02|
4.501E+00|9.262E+02|
4.502E+00|9.260E+02|
4.503E+00|9.259E+02|
4.504E+00|9.257E+02|
4.505E+00|9.256E+02|
4.506E+00|9.255E+02|
4.507E+00|9.253E+02|
4.508E+00|9.252E+02|
4.509E+00|9.250E+02|
4.510E+00|9.249E+02|
4.511E+00|9.247E+02|
4.512E+00|9.246E+02|
4.513E+00|9.245E+02|
4.514E+00|9.243E+02|
4.515E+00|9.242E+02|
4.516E+00|9.240E+02|
4.517E+00|9.239E+02|
4.518E+00|9.238E+02|
4.519E+00|9.236E+02|
4.520E+00|9.235E+02|
4.521E+00|9.233E+02|
4.522E+00|9.232E+02|
4.523E+00|9.230E+02|
4.524E+00|9.229E+02|
4.525E+00|9.228E+02|
4.526E+00|9.226E+02|
4.527E+00|9.225E+02|
4.528E+00|9.223E+02|
4.529E+00|9.222E+02|
4.530E+00|9.221E+02|
4.531E+00|9.219E+02|
4.532E+00|9.218E+02|
4.533E+00|9.216E+02|
4.534E+00|9.215E+02|
4.535E+00|9.214E+02|
4.536E+00|9.212E+02|
4.537E+00|9.211E+02|
4.538E+00|9.209E+02|
4.539E+00|9.208E+02|
4.540E+00|9.206E+02|
4.541E+00|9.205E+02|
4.542E+00|9.204E+02|
4.543E+00|9.202E+02|
4.544E+00|9.201E+02|
4.545E+00|9.199E+02|
4.546E+00|9.198E+02|
4.547E+00|9.197E+02|
4.548E+00|9.195E+02|
4.549E+00|9.194E+02|
4.550E+00|9.192E+02|
4.551E+00|9.191E+02|
4.552E+00|9.190E+02|
4.553E+00|9.188E+02|
4.554E+00|9.187E+02|
4.555E+00|9.185E+02|
4.556E+00|9.184E+02|
4.557E+00|9.183E+02|
4.558E+00|9.181E+02|
4.559E+00|9.180E+02|
4.560E+00|9.179E+02|
4.561E+00|9.177E+02|
4.562E+00|9.176E+02|
4.563E+00|9.174E+02|
4.564E+00|9.173E+02|
4.565E+00|9.172E+02|
4.566E+00|9.170E+02|
4.567E+00|9.169E+02|
4.568E+00|9.167E+02|
4.569E+00|9.166E+02|
4.570E+00|9.165E+02|
4.571E+00|9.163E+02|
4.572E+00|9.162E+02|
4.573E+00|9.160E+02|
4.574E+00|9.159E+02|
4.575E+00|9.158E+02|
4.576E+00|9.156E+02|
4.577E+00|9.155E+02|
4.578E+00|9.153E+02|
4.579E+00|9.152E+02|
4.580E+00|9.151E+02|
4.581E+00|9.149E+02|
4.582E+00|9.148E+02|
4.583E+00|9.147E+02|
4.584E+00|9.145E+02|
4.585E+00|9.144E+02|
4.586E+00|9.142E+02|
4.587E+00|9.141E+02|
4.588E+00|9.140E+02|
4.589E+00|9.138E+02|
4.590E+00|9.137E+02|
4.591E+00|9.135E+02|
4.592E+00|9.134E+02|
4.593E+00|9.133E+02|
4.594E+00|9.131E+02|
4.595E+00|9.130E+02|
4.596E+00|9.129E+02|
4.597E+00|9.127E+02|
4.598E+00|9.126E+02|
4.599E+00|9.124E+02|
4.600E+00|9.123E+02|
4.601E+00|9.122E+02|
4.602E+00|9.120E+02|
4.603E+00|9.119E+02|
4.604E+00|9.118E+02|
4.605E+00|9.116E+02|
4.606E+00|9.115E+02|
4.607E+00|9.113E+02|
4.608E+00|9.112E+02|
4.609E+00|9.111E+02|
4.610E+00|9.109E+02|
4.611E+00|9.108E+02|
4.612E+00|9.107E+02|
4.613E+00|9.105E+02|
4.614E+00|9.104E+02|
4.615E+00|9.103E+02|
4.616E+00|9.101E+02|
4.617E+00|9.100E+02|
4.618E+00|9.098E+02|
4.619E+00|9.097E+02|
4.620E+00|9.096E+02|
4.621E+00|9.094E+02|
4.622E+00|9.093E+02|
4.623E+00|9.092E+02|
4.624E+00|9.090E+02|
4.625E+00|9.089E+02|
4.626E+00|9.087E+02|
4.627E+00|9.086E+02|
4.628E+00|9.085E+02|
4.629E+00|9.083E+02|
4.630E+00|9.082E+02|
4.631E+00|9.081E+02|
4.632E+00|9.079E+02|
4.633E+00|9.078E+02|
4.634E+00|9.077E+02|
4.635E+00|9.075E+02|
4.636E+00|9.074E+02|
4.637E+00|9.073E+02|
4.638E+00|9.071E+02|
4.639E+00|9.070E+02|
4.640E+00|9.068E+02|
4.641E+00|9.067E+02|
4.642E+00|9.066E+02|
4.643E+00|9.064E+02|
4.644E+00|9.063E+02|
4.645E+00|9.062E+02|
4.646E+00|9.060E+02|
4.647E+00|9.059E+02|
4.648E+00|9.058E+02|
4.649E+00|9.056E+02|
4.650E+00|9.055E+02|
4.651E+00|9.054E+02|
4.652E+00|9.052E+02|
4.653E+00|9.051E+02|
4.654E+00|9.049E+02|
4.655E+00|9.048E+02|
4.656E+00|9.047E+02|
4.657E+00|9.045E+02|
4.658E+00|9.044E+02|
4.659E+00|9.043E+02|
4.660E+00|9.041E+02|
4.661E+00|9.040E+02|
4.662E+00|9.039E+02|
4.663E+00|9.037E+02|
4.664E+00|9.036E+02|
4.665E+00|9.035E+02|
4.666E+00|9.033E+02|
4.667E+00|9.032E+02|
4.668E+00|9.031E+02|
4.669E+00|9.029E+02|
4.670E+00|9.028E+02|
4.671E+00|9.027E+02|
4.672E+00|9.025E+02|
4.673E+00|9.024E+02|
4.674E+00|9.023E+02|
4.675E+00|9.021E+02|
4.676E+00|9.020E+02|
4.677E+00|9.019E+02|
4.678E+00|9.017E+02|
4.679E+00|9.016E+02|
4.680E+00|9.015E+02|
4.681E+00|9.013E+02|
4.682E+00|9.012E+02|
4.683E+00|9.011E+02|
4.684E+00|9.009E+02|
4.685E+00|9.008E+02|
4.686E+00|9.006E+02|
4.687E+00|9.005E+02|
4.688E+00|9.004E+02|
4.689E+00|9.002E+02|
4.690E+00|9.001E+02|
4.691E+00|9.000E+02|
4.692E+00|8.998E+02|
4.693E+00|8.997E+02|
4.694E+00|8.996E+02|
4.695E+00|8.994E+02|
4.696E+00|8.993E+02|
4.697E+00|8.992E+02|
4.698E+00|8.990E+02|
4.699E+00|8.989E+02|
4.700E+00|8.988E+02|
4.701E+00|8.987E+02|
4.702E+00|8.985E+02|
4.703E+00|8.984E+02|
4.704E+00|8.983E+02|
4.705E+00|8.981E+02|
4.706E+00|8.980E+02|
4.707E+00|8.979E+02|
4.708E+00|8.977E+02|
4.709E+00|8.976E+02|
4.710E+00|8.975E+02|
4.711E+00|8.973E+02|
4.712E+00|8.972E+02|
4.713E+00|8.971E+02|
4.714E+00|8.969E+02|
4.715E+00|8.968E+02|
4.716E+00|8.967E+02|
4.717E+00|8.965E+02|
4.718E+00|8.964E+02|
4.719E+00|8.963E+02|
4.720E+00|8.961E+02|
4.721E+00|8.960E+02|
4.722E+00|8.959E+02|
4.723E+00|8.957E+02|
4.724E+00|8.956E+02|
4.725E+00|8.955E+02|
4.726E+00|8.953E+02|
4.727E+00|8.952E+02|
4.728E+00|8.951E+02|
4.729E+00|8.949E+02|
4.730E+00|8.948E+02|
4.731E+00|8.947E+02|
4.732E+00|8.946E+02|
4.733E+00|8.944E+02|
4.734E+00|8.943E+02|
4.735E+00|8.942E+02|
4.736E+00|8.940E+02|
4.737E+00|8.939E+02|
4.738E+00|8.938E+02|
4.739E+00|8.936E+02|
4.740E+00|8.935E+02|
4.741E+00|8.934E+02|
4.742E+00|8.932E+02|
4.743E+00|8.931E+02|
4.744E+00|8.930E+02|
4.745E+00|8.928E+02|
4.746E+00|8.927E+02|
4.747E+00|8.926E+02|
4.748E+00|8.925E+02|
4.749E+00|8.923E+02|
4.750E+00|8.922E+02|
4.751E+00|8.921E+02|
4.752E+00|8.919E+02|
4.753E+00|8.918E+02|
4.754E+00|8.917E+02|
4.755E+00|8.915E+02|
4.756E+00|8.914E+02|
4.757E+00|8.913E+02|
4.758E+00|8.911E+02|
4.759E+00|8.910E+02|
4.760E+00|8.909E+02|
4.761E+00|8.908E+02|
4.762E+00|8.906E+02|
4.763E+00|8.905E+02|
4.764E+00|8.904E+02|
4.765E+00|8.902E+02|
4.766E+00|8.901E+02|
4.767E+00|8.900E+02|
4.768E+00|8.898E+02|
4.769E+00|8.897E+02|
4.770E+00|8.896E+02|
4.771E+00|8.895E+02|
4.772E+00|8.893E+02|
4.773E+00|8.892E+02|
4.774E+00|8.891E+02|
4.775E+00|8.889E+02|
4.776E+00|8.888E+02|
4.777E+00|8.887E+02|
4.778E+00|8.885E+02|
4.779E+00|8.884E+02|
4.780E+00|8.883E+02|
4.781E+00|8.882E+02|
4.782E+00|8.880E+02|
4.783E+00|8.879E+02|
4.784E+00|8.878E+02|
4.785E+00|8.876E+02|
4.786E+00|8.875E+02|
4.787E+00|8.874E+02|
4.788E+00|8.873E+02|
4.789E+00|8.871E+02|
4.790E+00|8.870E+02|
4.791E+00|8.869E+02|
4.792E+00|8.867E+02|
4.793E+00|8.866E+02|
4.794E+00|8.865E+02|
4.795E+00|8.864E+02|
4.796E+00|8.862E+02|
4.797E+00|8.861E+02|
4.798E+00|8.860E+02|
4.799E+00|8.858E+02|
4.800E+00|8.857E+02|
4.801E+00|8.856E+02|
4.802E+00|8.854E+02|
4.803E+00|8.853E+02|
4.804E+00|8.852E+02|
4.805E+00|8.851E+02|
4.806E+00|8.849E+02|
4.807E+00|8.848E+02|
4.808E+00|8.847E+02|
4.809E+00|8.846E+02|
4.810E+00|8.844E+02|
4.811E+00|8.843E+02|
4.812E+00|8.842E+02|
4.813E+00|8.840E+02|
4.814E+00|8.839E+02|
4.815E+00|8.838E+02|
4.816E+00|8.837E+02|
4.817E+00|8.835E+02|
4.818E+00|8.834E+02|
4.819E+00|8.833E+02|
4.820E+00|8.831E+02|
4.821E+00|8.830E+02|
4.822E+00|8.829E+02|
4.823E+00|8.828E+02|
4.824E+00|8.826E+02|
4.825E+00|8.825E+02|
4.826E+00|8.824E+02|
4.827E+00|8.822E+02|
4.828E+00|8.821E+02|
4.829E+00|8.820E+02|
4.830E+00|8.819E+02|
4.831E+00|8.817E+02|
4.832E+00|8.816E+02|
4.833E+00|8.815E+02|
4.834E+00|8.814E+02|
4.835E+00|8.812E+02|
4.836E+00|8.811E+02|
4.837E+00|8.810E+02|
4.838E+00|8.809E+02|
4.839E+00|8.807E+02|
4.840E+00|8.806E+02|
4.841E+00|8.805E+02|
4.842E+00|8.803E+02|
4.843E+00|8.802E+02|
4.844E+00|8.801E+02|
4.845E+00|8.800E+02|
4.846E+00|8.798E+02|
4.847E+00|8.797E+02|
4.848E+00|8.796E+02|
4.849E+00|8.795E+02|
4.850E+00|8.793E+02|
4.851E+00|8.792E+02|
4.852E+00|8.791E+02|
4.853E+00|8.789E+02|
4.854E+00|8.788E+02|
4.855E+00|8.787E+02|
4.856E+00|8.786E+02|
4.857E+00|8.784E+02|
4.858E+00|8.783E+02|
4.859E+00|8.782E+02|
4.860E+00|8.781E+02|
4.861E+00|8.779E+02|
4.862E+00|8.778E+02|
4.863E+00|8.777E+02|
4.864E+00|8.776E+02|
4.865E+00|8.774E+02|
4.866E+00|8.773E+02|
4.867E+00|8.772E+02|
4.868E+00|8.771E+02|
4.869E+00|8.769E+02|
4.870E+00|8.768E+02|
4.871E+00|8.767E+02|
4.872E+00|8.766E+02|
4.873E+00|8.764E+02|
4.874E+00|8.763E+02|
4.875E+00|8.762E+02|
4.876E+00|8.761E+02|
4.877E+00|8.759E+02|
4.878E+00|8.758E+02|
4.879E+00|8.757E+02|
4.880E+00|8.756E+02|
4.881E+00|8.754E+02|
4.882E+00|8.753E+02|
4.883E+00|8.752E+02|
4.884E+00|8.751E+02|
4.885E+00|8.749E+02|
4.886E+00|8.748E+02|
4.887E+00|8.747E+02|
4.888E+00|8.746E+02|
4.889E+00|8.744E+02|
4.890E+00|8.743E+02|
4.891E+00|8.742E+02|
4.892E+00|8.741E+02|
4.893E+00|8.739E+02|
4.894E+00|8.738E+02|
4.895E+00|8.737E+02|
4.896E+00|8.736E+02|
4.897E+00|8.734E+02|
4.898E+00|8.733E+02|
4.899E+00|8.732E+02|
4.900E+00|8.731E+02|
4.901E+00|8.729E+02|
4.902E+00|8.728E+02|
4.903E+00|8.727E+02|
4.904E+00|8.726E+02|
4.905E+00|8.724E+02|
4.906E+00|8.723E+02|
4.907E+00|8.722E+02|
4.908E+00|8.721E+02|
4.909E+00|8.719E+02|
4.910E+00|8.718E+02|
4.911E+00|8.717E+02|
4.912E+00|8.716E+02|
4.913E+00|8.714E+02|
4.914E+00|8.713E+02|
4.915E+00|8.712E+02|
4.916E+00|8.711E+02|
4.917E+00|8.709E+02|
4.918E+00|8.708E+02|
4.919E+00|8.707E+02|
4.920E+00|8.706E+02|
4.921E+00|8.705E+02|
4.922E+00|8.703E+02|
4.923E+00|8.702E+02|
4.924E+00|8.701E+02|
4.925E+00|8.700E+02|
4.926E+00|8.698E+02|
4.927E+00|8.697E+02|
4.928E+00|8.696E+02|
4.929E+00|8.695E+02|
4.930E+00|8.693E+02|
4.931E+00|8.692E+02|
4.932E+00|8.691E+02|
4.933E+00|8.690E+02|
4.934E+00|8.688E+02|
4.935E+00|8.687E+02|
4.936E+00|8.686E+02|
4.937E+00|8.685E+02|
4.938E+00|8.684E+02|
4.939E+00|8.682E+02|
4.940E+00|8.681E+02|
4.941E+00|8.680E+02|
4.942E+00|8.679E+02|
4.943E+00|8.677E+02|
4.944E+00|8.676E+02|
4.945E+00|8.675E+02|
4.946E+00|8.674E+02|
4.947E+00|8.672E+02|
4.948E+00|8.671E+02|
4.949E+00|8.670E+02|
4.950E+00|8.669E+02|
4.951E+00|8.668E+02|
4.952E+00|8.666E+02|
4.953E+00|8.665E+02|
4.954E+00|8.664E+02|
4.955E+00|8.663E+02|
4.956E+00|8.661E+02|
4.957E+00|8.660E+02|
4.958E+00|8.659E+02|
4.959E+00|8.658E+02|
4.960E+00|8.657E+02|
4.961E+00|8.655E+02|
4.962E+00|8.654E+02|
4.963E+00|8.653E+02|
4.964E+00|8.652E+02|
4.965E+00|8.650E+02|
4.966E+00|8.649E+02|
4.967E+00|8.648E+02|
4.968E+00|8.647E+02|
4.969E+00|8.646E+02|
4.970E+00|8.644E+02|
4.971E+00|8.643E+02|
4.972E+00|8.642E+02|
4.973E+00|8.641E+02|
4.974E+00|8.640E+02|
4.975E+00|8.638E+02|
4.976E+00|8.637E+02|
4.977E+00|8.636E+02|
4.978E+00|8.635E+02|
4.979E+00|8.633E+02|
4.980E+00|8.632E+02|
4.981E+00|8.631E+02|
4.982E+00|8.630E+02|
4.983E+00|8.629E+02|
4.984E+00|8.627E+02|
4.985E+00|8.626E+02|
4.986E+00|8.625E+02|
4.987E+00|8.624E+02|
4.988E+00|8.623E+02|
4.989E+00|8.621E+02|
4.990E+00|8.620E+02|
4.991E+00|8.619E+02|
4.992E+00|8.618E+02|
4.993E+00|8.617E+02|
4.994E+00|8.615E+02|
4.995E+00|8.614E+02|
4.996E+00|8.613E+02|
4.997E+00|8.612E+02|
4.998E+00|8.610E+02|
4.999E+00|8.609E+02|
5.000E+00|8.608E+02|
5.001E+00|8.607E+02|
5.002E+00|8.606E+02|
5.003E+00|8.604E+02|
5.004E+00|8.603E+02|
5.005E+00|8.602E+02|
5.006E+00|8.601E+02|
5.007E+00|8.600E+02|
5.008E+00|8.598E+02|
5.009E+00|8.597E+02|
5.010E+00|8.596E+02|
5.011E+00|8.595E+02|
5.012E+00|8.594E+02|
5.013E+00|8.592E+02|
5.014E+00|8.591E+02|
5.015E+00|8.590E+02|
5.016E+00|8.589E+02|
5.017E+00|8.588E+02|
5.018E+00|8.586E+02|
5.019E+00|8.585E+02|
5.020E+00|8.584E+02|
5.021E+00|8.583E+02|
5.022E+00|8.582E+02|
5.023E+00|8.580E+02|
5.024E+00|8.579E+02|
5.025E+00|8.578E+02|
5.026E+00|8.577E+02|
5.027E+00|8.576E+02|
5.028E+00|8.574E+02|
5.029E+00|8.573E+02|
5.030E+00|8.572E+02|
5.031E+00|8.571E+02|
5.032E+00|8.570E+02|
5.033E+00|8.569E+02|
5.034E+00|8.567E+02|
5.035E+00|8.566E+02|
5.036E+00|8.565E+02|
5.037E+00|8.564E+02|
5.038E+00|8.563E+02|
5.039E+00|8.561E+02|
5.040E+00|8.560E+02|
5.041E+00|8.559E+02|
5.042E+00|8.558E+02|
5.043E+00|8.557E+02|
5.044E+00|8.555E+02|
5.045E+00|8.554E+02|
5.046E+00|8.553E+02|
5.047E+00|8.552E+02|
5.048E+00|8.551E+02|
5.049E+00|8.549E+02|
5.050E+00|8.548E+02|
5.051E+00|8.547E+02|
5.052E+00|8.546E+02|
5.053E+00|8.545E+02|
5.054E+00|8.544E+02|
5.055E+00|8.542E+02|
5.056E+00|8.541E+02|
5.057E+00|8.540E+02|
5.058E+00|8.539E+02|
5.059E+00|8.538E+02|
5.060E+00|8.536E+02|
5.061E+00|8.535E+02|
5.062E+00|8.534E+02|
5.063E+00|8.533E+02|
5.064E+00|8.532E+02|
5.065E+00|8.531E+02|
5.066E+00|8.529E+02|
5.067E+00|8.528E+02|
5.068E+00|8.527E+02|
5.069E+00|8.526E+02|
5.070E+00|8.525E+02|
5.071E+00|8.523E+02|
5.072E+00|8.522E+02|
5.073E+00|8.521E+02|
5.074E+00|8.520E+02|
5.075E+00|8.519E+02|
5.076E+00|8.518E+02|
5.077E+00|8.516E+02|
5.078E+00|8.515E+02|
5.079E+00|8.514E+02|
5.080E+00|8.513E+02|
5.081E+00|8.512E+02|
5.082E+00|8.511E+02|
5.083E+00|8.509E+02|
5.084E+00|8.508E+02|
5.085E+00|8.507E+02|
5.086E+00|8.506E+02|
5.087E+00|8.505E+02|
5.088E+00|8.503E+02|
5.089E+00|8.502E+02|
5.090E+00|8.501E+02|
5.091E+00|8.500E+02|
5.092E+00|8.499E+02|
5.093E+00|8.498E+02|
5.094E+00|8.496E+02|
5.095E+00|8.495E+02|
5.096E+00|8.494E+02|
5.097E+00|8.493E+02|
5.098E+00|8.492E+02|
5.099E+00|8.491E+02|
5.100E+00|8.489E+02|
5.101E+00|8.488E+02|
5.102E+00|8.487E+02|
5.103E+00|8.486E+02|
5.104E+00|8.485E+02|
5.105E+00|8.484E+02|
5.106E+00|8.482E+02|
5.107E+00|8.481E+02|
5.108E+00|8.480E+02|
5.109E+00|8.479E+02|
5.110E+00|8.478E+02|
5.111E+00|8.477E+02|
5.112E+00|8.475E+02|
5.113E+00|8.474E+02|
5.114E+00|8.473E+02|
5.115E+00|8.472E+02|
5.116E+00|8.471E+02|
5.117E+00|8.470E+02|
5.118E+00|8.468E+02|
5.119E+00|8.467E+02|
5.120E+00|8.466E+02|
5.121E+00|8.465E+02|
5.122E+00|8.464E+02|
5.123E+00|8.463E+02|
5.124E+00|8.462E+02|
5.125E+00|8.460E+02|
5.126E+00|8.459E+02|
5.127E+00|8.458E+02|
5.128E+00|8.457E+02|
5.129E+00|8.456E+02|
5.130E+00|8.455E+02|
5.131E+00|8.453E+02|
5.132E+00|8.452E+02|
5.133E+00|8.451E+02|
5.134E+00|8.450E+02|
5.135E+00|8.449E+02|
5.136E+00|8.448E+02|
5.137E+00|8.446E+02|
5.138E+00|8.445E+02|
5.139E+00|8.444E+02|
5.140E+00|8.443E+02|
5.141E+00|8.442E+02|
5.142E+00|8.441E+02|
5.143E+00|8.440E+02|
5.144E+00|8.438E+02|
5.145E+00|8.437E+02|
5.146E+00|8.436E+02|
5.147E+00|8.435E+02|
5.148E+00|8.434E+02|
5.149E+00|8.433E+02|
5.150E+00|8.432E+02|
5.151E+00|8.430E+02|
5.152E+00|8.429E+02|
5.153E+00|8.428E+02|
5.154E+00|8.427E+02|
5.155E+00|8.426E+02|
5.156E+00|8.425E+02|
5.157E+00|8.423E+02|
5.158E+00|8.422E+02|
5.159E+00|8.421E+02|
5.160E+00|8.420E+02|
5.161E+00|8.419E+02|
5.162E+00|8.418E+02|
5.163E+00|8.417E+02|
5.164E+00|8.415E+02|
5.165E+00|8.414E+02|
5.166E+00|8.413E+02|
5.167E+00|8.412E+02|
5.168E+00|8.411E+02|
5.169E+00|8.410E+02|
5.170E+00|8.409E+02|
5.171E+00|8.407E+02|
5.172E+00|8.406E+02|
5.173E+00|8.405E+02|
5.174E+00|8.404E+02|
5.175E+00|8.403E+02|
5.176E+00|8.402E+02|
5.177E+00|8.401E+02|
5.178E+00|8.399E+02|
5.179E+00|8.398E+02|
5.180E+00|8.397E+02|
5.181E+00|8.396E+02|
5.182E+00|8.395E+02|
5.183E+00|8.394E+02|
5.184E+00|8.393E+02|
5.185E+00|8.391E+02|
5.186E+00|8.390E+02|
5.187E+00|8.389E+02|
5.188E+00|8.388E+02|
5.189E+00|8.387E+02|
5.190E+00|8.386E+02|
5.191E+00|8.385E+02|
5.192E+00|8.384E+02|
5.193E+00|8.382E+02|
5.194E+00|8.381E+02|
5.195E+00|8.380E+02|
5.196E+00|8.379E+02|
5.197E+00|8.378E+02|
5.198E+00|8.377E+02|
5.199E+00|8.376E+02|
5.200E+00|8.374E+02|
5.201E+00|8.373E+02|
5.202E+00|8.372E+02|
5.203E+00|8.371E+02|
5.204E+00|8.370E+02|
5.205E+00|8.369E+02|
5.206E+00|8.368E+02|
5.207E+00|8.367E+02|
5.208E+00|8.365E+02|
5.209E+00|8.364E+02|
5.210E+00|8.363E+02|
5.211E+00|8.362E+02|
5.212E+00|8.361E+02|
5.213E+00|8.360E+02|
5.214E+00|8.359E+02|
5.215E+00|8.358E+02|
5.216E+00|8.356E+02|
5.217E+00|8.355E+02|
5.218E+00|8.354E+02|
5.219E+00|8.353E+02|
5.220E+00|8.352E+02|
5.221E+00|8.351E+02|
5.222E+00|8.350E+02|
5.223E+00|8.349E+02|
5.224E+00|8.347E+02|
5.225E+00|8.346E+02|
5.226E+00|8.345E+02|
5.227E+00|8.344E+02|
5.228E+00|8.343E+02|
5.229E+00|8.342E+02|
5.230E+00|8.341E+02|
5.231E+00|8.340E+02|
5.232E+00|8.338E+02|
5.233E+00|8.337E+02|
5.234E+00|8.336E+02|
5.235E+00|8.335E+02|
5.236E+00|8.334E+02|
5.237E+00|8.333E+02|
5.238E+00|8.332E+02|
5.239E+00|8.331E+02|
5.240E+00|8.329E+02|
5.241E+00|8.328E+02|
5.242E+00|8.327E+02|
5.243E+00|8.326E+02|
5.244E+00|8.325E+02|
5.245E+00|8.324E+02|
5.246E+00|8.323E+02|
5.247E+00|8.322E+02|
5.248E+00|8.321E+02|
5.249E+00|8.319E+02|
5.250E+00|8.318E+02|
5.251E+00|8.317E+02|
5.252E+00|8.316E+02|
5.253E+00|8.315E+02|
5.254E+00|8.314E+02|
5.255E+00|8.313E+02|
5.256E+00|8.312E+02|
5.257E+00|8.311E+02|
5.258E+00|8.309E+02|
5.259E+00|8.308E+02|
5.260E+00|8.307E+02|
5.261E+00|8.306E+02|
5.262E+00|8.305E+02|
5.263E+00|8.304E+02|
5.264E+00|8.303E+02|
5.265E+00|8.302E+02|
5.266E+00|8.301E+02|
5.267E+00|8.299E+02|
5.268E+00|8.298E+02|
5.269E+00|8.297E+02|
5.270E+00|8.296E+02|
5.271E+00|8.295E+02|
5.272E+00|8.294E+02|
5.273E+00|8.293E+02|
5.274E+00|8.292E+02|
5.275E+00|8.291E+02|
5.276E+00|8.289E+02|
5.277E+00|8.288E+02|
5.278E+00|8.287E+02|
5.279E+00|8.286E+02|
5.280E+00|8.285E+02|
5.281E+00|8.284E+02|
5.282E+00|8.283E+02|
5.283E+00|8.282E+02|
5.284E+00|8.281E+02|
5.285E+00|8.280E+02|
5.286E+00|8.278E+02|
5.287E+00|8.277E+02|
5.288E+00|8.276E+02|
5.289E+00|8.275E+02|
5.290E+00|8.274E+02|
5.291E+00|8.273E+02|
5.292E+00|8.272E+02|
5.293E+00|8.271E+02|
5.294E+00|8.270E+02|
5.295E+00|8.269E+02|
5.296E+00|8.267E+02|
5.297E+00|8.266E+02|
5.298E+00|8.265E+02|
5.299E+00|8.264E+02|
5.300E+00|8.263E+02|
5.301E+00|8.262E+02|
5.302E+00|8.261E+02|
5.303E+00|8.260E+02|
5.304E+00|8.259E+02|
5.305E+00|8.258E+02|
5.306E+00|8.256E+02|
5.307E+00|8.255E+02|
5.308E+00|8.254E+02|
5.309E+00|8.253E+02|
5.310E+00|8.252E+02|
5.311E+00|8.251E+02|
5.312E+00|8.250E+02|
5.313E+00|8.249E+02|
5.314E+00|8.248E+02|
5.315E+00|8.247E+02|
5.316E+00|8.245E+02|
5.317E+00|8.244E+02|
5.318E+00|8.243E+02|
5.319E+00|8.242E+02|
5.320E+00|8.241E+02|
5.321E+00|8.240E+02|
5.322E+00|8.239E+02|
5.323E+00|8.238E+02|
5.324E+00|8.237E+02|
5.325E+00|8.236E+02|
5.326E+00|8.235E+02|
5.327E+00|8.234E+02|
5.328E+00|8.232E+02|
5.329E+00|8.231E+02|
5.330E+00|8.230E+02|
5.331E+00|8.229E+02|
5.332E+00|8.228E+02|
5.333E+00|8.227E+02|
5.334E+00|8.226E+02|
5.335E+00|8.225E+02|
5.336E+00|8.224E+02|
5.337E+00|8.223E+02|
5.338E+00|8.222E+02|
5.339E+00|8.220E+02|
5.340E+00|8.219E+02|
5.341E+00|8.218E+02|
5.342E+00|8.217E+02|
5.343E+00|8.216E+02|
5.344E+00|8.215E+02|
5.345E+00|8.214E+02|
5.346E+00|8.213E+02|
5.347E+00|8.212E+02|
5.348E+00|8.211E+02|
5.349E+00|8.210E+02|
5.350E+00|8.209E+02|
5.351E+00|8.207E+02|
5.352E+00|8.206E+02|
5.353E+00|8.205E+02|
5.354E+00|8.204E+02|
5.355E+00|8.203E+02|
5.356E+00|8.202E+02|
5.357E+00|8.201E+02|
5.358E+00|8.200E+02|
5.359E+00|8.199E+02|
5.360E+00|8.198E+02|
5.361E+00|8.197E+02|
5.362E+00|8.196E+02|
5.363E+00|8.195E+02|
5.364E+00|8.193E+02|
5.365E+00|8.192E+02|
5.366E+00|8.191E+02|
5.367E+00|8.190E+02|
5.368E+00|8.189E+02|
5.369E+00|8.188E+02|
5.370E+00|8.187E+02|
5.371E+00|8.186E+02|
5.372E+00|8.185E+02|
5.373E+00|8.184E+02|
5.374E+00|8.183E+02|
5.375E+00|8.182E+02|
5.376E+00|8.181E+02|
5.377E+00|8.179E+02|
5.378E+00|8.178E+02|
5.379E+00|8.177E+02|
5.380E+00|8.176E+02|
5.381E+00|8.175E+02|
5.382E+00|8.174E+02|
5.383E+00|8.173E+02|
5.384E+00|8.172E+02|
5.385E+00|8.171E+02|
5.386E+00|8.170E+02|
5.387E+00|8.169E+02|
5.388E+00|8.168E+02|
5.389E+00|8.167E+02|
5.390E+00|8.166E+02|
5.391E+00|8.165E+02|
5.392E+00|8.163E+02|
5.393E+00|8.162E+02|
5.394E+00|8.161E+02|
5.395E+00|8.160E+02|
5.396E+00|8.159E+02|
5.397E+00|8.158E+02|
5.398E+00|8.157E+02|
5.399E+00|8.156E+02|
5.400E+00|8.155E+02|
5.401E+00|8.154E+02|
5.402E+00|8.153E+02|
5.403E+00|8.152E+02|
5.404E+00|8.151E+02|
5.405E+00|8.150E+02|
5.406E+00|8.149E+02|
5.407E+00|8.147E+02|
5.408E+00|8.146E+02|
5.409E+00|8.145E+02|
5.410E+00|8.144E+02|
5.411E+00|8.143E+02|
5.412E+00|8.142E+02|
5.413E+00|8.141E+02|
5.414E+00|8.140E+02|
5.415E+00|8.139E+02|
5.416E+00|8.138E+02|
5.417E+00|8.137E+02|
5.418E+00|8.136E+02|
5.419E+00|8.135E+02|
5.420E+00|8.134E+02|
5.421E+00|8.133E+02|
5.422E+00|8.132E+02|
5.423E+00|8.131E+02|
5.424E+00|8.129E+02|
5.425E+00|8.128E+02|
5.426E+00|8.127E+02|
5.427E+00|8.126E+02|
5.428E+00|8.125E+02|
5.429E+00|8.124E+02|
5.430E+00|8.123E+02|
5.431E+00|8.122E+02|
5.432E+00|8.121E+02|
5.433E+00|8.120E+02|
5.434E+00|8.119E+02|
5.435E+00|8.118E+02|
5.436E+00|8.117E+02|
5.437E+00|8.116E+02|
5.438E+00|8.115E+02|
5.439E+00|8.114E+02|
5.440E+00|8.113E+02|
5.441E+00|8.112E+02|
5.442E+00|8.110E+02|
5.443E+00|8.109E+02|
5.444E+00|8.108E+02|
5.445E+00|8.107E+02|
5.446E+00|8.106E+02|
5.447E+00|8.105E+02|
5.448E+00|8.104E+02|
5.449E+00|8.103E+02|
5.450E+00|8.102E+02|
5.451E+00|8.101E+02|
5.452E+00|8.100E+02|
5.453E+00|8.099E+02|
5.454E+00|8.098E+02|
5.455E+00|8.097E+02|
5.456E+00|8.096E+02|
5.457E+00|8.095E+02|
5.458E+00|8.094E+02|
5.459E+00|8.093E+02|
5.460E+00|8.092E+02|
5.461E+00|8.091E+02|
5.462E+00|8.090E+02|
5.463E+00|8.088E+02|
5.464E+00|8.087E+02|
5.465E+00|8.086E+02|
5.466E+00|8.085E+02|
5.467E+00|8.084E+02|
5.468E+00|8.083E+02|
5.469E+00|8.082E+02|
5.470E+00|8.081E+02|
5.471E+00|8.080E+02|
5.472E+00|8.079E+02|
5.473E+00|8.078E+02|
5.474E+00|8.077E+02|
5.475E+00|8.076E+02|
5.476E+00|8.075E+02|
5.477E+00|8.074E+02|
5.478E+00|8.073E+02|
5.479E+00|8.072E+02|
5.480E+00|8.071E+02|
5.481E+00|8.070E+02|
5.482E+00|8.069E+02|
5.483E+00|8.068E+02|
5.484E+00|8.067E+02|
5.485E+00|8.066E+02|
5.486E+00|8.065E+02|
5.487E+00|8.063E+02|
5.488E+00|8.062E+02|
5.489E+00|8.061E+02|
5.490E+00|8.060E+02|
5.491E+00|8.059E+02|
5.492E+00|8.058E+02|
5.493E+00|8.057E+02|
5.494E+00|8.056E+02|
5.495E+00|8.055E+02|
5.496E+00|8.054E+02|
5.497E+00|8.053E+02|
5.498E+00|8.052E+02|
5.499E+00|8.051E+02|
5.500E+00|8.050E+02|
5.501E+00|8.049E+02|
5.502E+00|8.048E+02|
5.503E+00|8.047E+02|
5.504E+00|8.046E+02|
5.505E+00|8.045E+02|
5.506E+00|8.044E+02|
5.507E+00|8.043E+02|
5.508E+00|8.042E+02|
5.509E+00|8.041E+02|
5.510E+00|8.040E+02|
5.511E+00|8.039E+02|
5.512E+00|8.038E+02|
5.513E+00|8.037E+02|
5.514E+00|8.036E+02|
5.515E+00|8.035E+02|
5.516E+00|8.034E+02|
5.517E+00|8.033E+02|
5.518E+00|8.031E+02|
5.519E+00|8.030E+02|
5.520E+00|8.029E+02|
5.521E+00|8.028E+02|
5.522E+00|8.027E+02|
5.523E+00|8.026E+02|
5.524E+00|8.025E+02|
5.525E+00|8.024E+02|
5.526E+00|8.023E+02|
5.527E+00|8.022E+02|
5.528E+00|8.021E+02|
5.529E+00|8.020E+02|
5.530E+00|8.019E+02|
5.531E+00|8.018E+02|
5.532E+00|8.017E+02|
5.533E+00|8.016E+02|
5.534E+00|8.015E+02|
5.535E+00|8.014E+02|
5.536E+00|8.013E+02|
5.537E+00|8.012E+02|
5.538E+00|8.011E+02|
5.539E+00|8.010E+02|
5.540E+00|8.009E+02|
5.541E+00|8.008E+02|
5.542E+00|8.007E+02|
5.543E+00|8.006E+02|
5.544E+00|8.005E+02|
5.545E+00|8.004E+02|
5.546E+00|8.003E+02|
5.547E+00|8.002E+02|
5.548E+00|8.001E+02|
5.549E+00|8.000E+02|
5.550E+00|7.999E+02|
5.551E+00|7.998E+02|
5.552E+00|7.997E+02|
5.553E+00|7.996E+02|
5.554E+00|7.995E+02|
5.555E+00|7.994E+02|
5.556E+00|7.993E+02|
5.557E+00|7.992E+02|
5.558E+00|7.991E+02|
5.559E+00|7.990E+02|
5.560E+00|7.989E+02|
5.561E+00|7.988E+02|
5.562E+00|7.987E+02|
5.563E+00|7.986E+02|
5.564E+00|7.985E+02|
5.565E+00|7.983E+02|
5.566E+00|7.982E+02|
5.567E+00|7.981E+02|
5.568E+00|7.980E+02|
5.569E+00|7.979E+02|
5.570E+00|7.978E+02|
5.571E+00|7.977E+02|
5.572E+00|7.976E+02|
5.573E+00|7.975E+02|
5.574E+00|7.974E+02|
5.575E+00|7.973E+02|
5.576E+00|7.972E+02|
5.577E+00|7.971E+02|
5.578E+00|7.970E+02|
5.579E+00|7.969E+02|
5.580E+00|7.968E+02|
5.581E+00|7.967E+02|
5.582E+00|7.966E+02|
5.583E+00|7.965E+02|
5.584E+00|7.964E+02|
5.585E+00|7.963E+02|
5.586E+00|7.962E+02|
5.587E+00|7.961E+02|
5.588E+00|7.960E+02|
5.589E+00|7.959E+02|
5.590E+00|7.958E+02|
5.591E+00|7.957E+02|
5.592E+00|7.956E+02|
5.593E+00|7.955E+02|
5.594E+00|7.954E+02|
5.595E+00|7.953E+02|
5.596E+00|7.952E+02|
5.597E+00|7.951E+02|
5.598E+00|7.950E+02|
5.599E+00|7.949E+02|
5.600E+00|7.948E+02|
5.601E+00|7.947E+02|
5.602E+00|7.946E+02|
5.603E+00|7.945E+02|
5.604E+00|7.944E+02|
5.605E+00|7.943E+02|
5.606E+00|7.942E+02|
5.607E+00|7.941E+02|
5.608E+00|7.940E+02|
5.609E+00|7.939E+02|
5.610E+00|7.938E+02|
5.611E+00|7.937E+02|
5.612E+00|7.936E+02|
5.613E+00|7.935E+02|
5.614E+00|7.934E+02|
5.615E+00|7.933E+02|
5.616E+00|7.932E+02|
5.617E+00|7.931E+02|
5.618E+00|7.930E+02|
5.619E+00|7.929E+02|
5.620E+00|7.928E+02|
5.621E+00|7.927E+02|
5.622E+00|7.926E+02|
5.623E+00|7.925E+02|
5.624E+00|7.924E+02|
5.625E+00|7.923E+02|
5.626E+00|7.922E+02|
5.627E+00|7.921E+02|
5.628E+00|7.920E+02|
5.629E+00|7.919E+02|
5.630E+00|7.918E+02|
5.631E+00|7.917E+02|
5.632E+00|7.916E+02|
5.633E+00|7.915E+02|
5.634E+00|7.914E+02|
5.635E+00|7.913E+02|
5.636E+00|7.912E+02|
5.637E+00|7.911E+02|
5.638E+00|7.910E+02|
5.639E+00|7.909E+02|
5.640E+00|7.908E+02|
5.641E+00|7.907E+02|
5.642E+00|7.906E+02|
5.643E+00|7.905E+02|
5.644E+00|7.904E+02|
5.645E+00|7.903E+02|
5.646E+00|7.902E+02|
5.647E+00|7.901E+02|
5.648E+00|7.900E+02|
5.649E+00|7.899E+02|
5.650E+00|7.898E+02|
5.651E+00|7.897E+02|
5.652E+00|7.896E+02|
5.653E+00|7.895E+02|
5.654E+00|7.894E+02|
5.655E+00|7.893E+02|
5.656E+00|7.892E+02|
5.657E+00|7.891E+02|
5.658E+00|7.890E+02|
5.659E+00|7.890E+02|
5.660E+00|7.889E+02|
5.661E+00|7.888E+02|
5.662E+00|7.887E+02|
5.663E+00|7.886E+02|
5.664E+00|7.885E+02|
5.665E+00|7.884E+02|
5.666E+00|7.883E+02|
5.667E+00|7.882E+02|
5.668E+00|7.881E+02|
5.669E+00|7.880E+02|
5.670E+00|7.879E+02|
5.671E+00|7.878E+02|
5.672E+00|7.877E+02|
5.673E+00|7.876E+02|
5.674E+00|7.875E+02|
5.675E+00|7.874E+02|
5.676E+00|7.873E+02|
5.677E+00|7.872E+02|
5.678E+00|7.871E+02|
5.679E+00|7.870E+02|
5.680E+00|7.869E+02|
5.681E+00|7.868E+02|
5.682E+00|7.867E+02|
5.683E+00|7.866E+02|
5.684E+00|7.865E+02|
5.685E+00|7.864E+02|
5.686E+00|7.863E+02|
5.687E+00|7.862E+02|
5.688E+00|7.861E+02|
5.689E+00|7.860E+02|
5.690E+00|7.859E+02|
5.691E+00|7.858E+02|
5.692E+00|7.857E+02|
5.693E+00|7.856E+02|
5.694E+00|7.855E+02|
5.695E+00|7.854E+02|
5.696E+00|7.853E+02|
5.697E+00|7.852E+02|
5.698E+00|7.851E+02|
5.699E+00|7.850E+02|
5.700E+00|7.849E+02|
5.701E+00|7.848E+02|
5.702E+00|7.847E+02|
5.703E+00|7.846E+02|
5.704E+00|7.845E+02|
5.705E+00|7.844E+02|
5.706E+00|7.843E+02|
5.707E+00|7.842E+02|
5.708E+00|7.841E+02|
5.709E+00|7.841E+02|
5.710E+00|7.840E+02|
5.711E+00|7.839E+02|
5.712E+00|7.838E+02|
5.713E+00|7.837E+02|
5.714E+00|7.836E+02|
5.715E+00|7.835E+02|
5.716E+00|7.834E+02|
5.717E+00|7.833E+02|
5.718E+00|7.832E+02|
5.719E+00|7.831E+02|
5.720E+00|7.830E+02|
5.721E+00|7.829E+02|
5.722E+00|7.828E+02|
5.723E+00|7.827E+02|
5.724E+00|7.826E+02|
5.725E+00|7.825E+02|
5.726E+00|7.824E+02|
5.727E+00|7.823E+02|
5.728E+00|7.822E+02|
5.729E+00|7.821E+02|
5.730E+00|7.820E+02|
5.731E+00|7.819E+02|
5.732E+00|7.818E+02|
5.733E+00|7.817E+02|
5.734E+00|7.816E+02|
5.735E+00|7.815E+02|
5.736E+00|7.814E+02|
5.737E+00|7.813E+02|
5.738E+00|7.812E+02|
5.739E+00|7.811E+02|
5.740E+00|7.810E+02|
5.741E+00|7.810E+02|
5.742E+00|7.809E+02|
5.743E+00|7.808E+02|
5.744E+00|7.807E+02|
5.745E+00|7.806E+02|
5.746E+00|7.805E+02|
5.747E+00|7.804E+02|
5.748E+00|7.803E+02|
5.749E+00|7.802E+02|
5.750E+00|7.801E+02|
5.751E+00|7.800E+02|
5.752E+00|7.799E+02|
5.753E+00|7.798E+02|
5.754E+00|7.797E+02|
5.755E+00|7.796E+02|
5.756E+00|7.795E+02|
5.757E+00|7.794E+02|
5.758E+00|7.793E+02|
5.759E+00|7.792E+02|
5.760E+00|7.791E+02|
5.761E+00|7.790E+02|
5.762E+00|7.789E+02|
5.763E+00|7.788E+02|
5.764E+00|7.787E+02|
5.765E+00|7.786E+02|
5.766E+00|7.786E+02|
5.767E+00|7.785E+02|
5.768E+00|7.784E+02|
5.769E+00|7.783E+02|
5.770E+00|7.782E+02|
5.771E+00|7.781E+02|
5.772E+00|7.780E+02|
5.773E+00|7.779E+02|
5.774E+00|7.778E+02|
5.775E+00|7.777E+02|
5.776E+00|7.776E+02|
5.777E+00|7.775E+02|
5.778E+00|7.774E+02|
5.779E+00|7.773E+02|
5.780E+00|7.772E+02|
5.781E+00|7.771E+02|
5.782E+00|7.770E+02|
5.783E+00|7.769E+02|
5.784E+00|7.768E+02|
5.785E+00|7.767E+02|
5.786E+00|7.766E+02|
5.787E+00|7.765E+02|
5.788E+00|7.765E+02|
5.789E+00|7.764E+02|
5.790E+00|7.763E+02|
5.791E+00|7.762E+02|
5.792E+00|7.761E+02|
5.793E+00|7.760E+02|
5.794E+00|7.759E+02|
5.795E+00|7.758E+02|
5.796E+00|7.757E+02|
5.797E+00|7.756E+02|
5.798E+00|7.755E+02|
5.799E+00|7.754E+02|
5.800E+00|7.753E+02|
5.801E+00|7.752E+02|
5.802E+00|7.751E+02|
5.803E+00|7.750E+02|
5.804E+00|7.749E+02|
5.805E+00|7.748E+02|
5.806E+00|7.747E+02|
5.807E+00|7.746E+02|
5.808E+00|7.746E+02|
5.809E+00|7.745E+02|
5.810E+00|7.744E+02|
5.811E+00|7.743E+02|
5.812E+00|7.742E+02|
5.813E+00|7.741E+02|
5.814E+00|7.740E+02|
5.815E+00|7.739E+02|
5.816E+00|7.738E+02|
5.817E+00|7.737E+02|
5.818E+00|7.736E+02|
5.819E+00|7.735E+02|
5.820E+00|7.734E+02|
5.821E+00|7.733E+02|
5.822E+00|7.732E+02|
5.823E+00|7.731E+02|
5.824E+00|7.730E+02|
5.825E+00|7.729E+02|
5.826E+00|7.729E+02|
5.827E+00|7.728E+02|
5.828E+00|7.727E+02|
5.829E+00|7.726E+02|
5.830E+00|7.725E+02|
5.831E+00|7.724E+02|
5.832E+00|7.723E+02|
5.833E+00|7.722E+02|
5.834E+00|7.721E+02|
5.835E+00|7.720E+02|
5.836E+00|7.719E+02|
5.837E+00|7.718E+02|
5.838E+00|7.717E+02|
5.839E+00|7.716E+02|
5.840E+00|7.715E+02|
5.841E+00|7.714E+02|
5.842E+00|7.713E+02|
5.843E+00|7.713E+02|
5.844E+00|7.712E+02|
5.845E+00|7.711E+02|
5.846E+00|7.710E+02|
5.847E+00|7.709E+02|
5.848E+00|7.708E+02|
5.849E+00|7.707E+02|
5.850E+00|7.706E+02|
5.851E+00|7.705E+02|
5.852E+00|7.704E+02|
5.853E+00|7.703E+02|
5.854E+00|7.702E+02|
5.855E+00|7.701E+02|
5.856E+00|7.700E+02|
5.857E+00|7.699E+02|
5.858E+00|7.699E+02|
5.859E+00|7.698E+02|
5.860E+00|7.697E+02|
5.861E+00|7.696E+02|
5.862E+00|7.695E+02|
5.863E+00|7.694E+02|
5.864E+00|7.693E+02|
5.865E+00|7.692E+02|
5.866E+00|7.691E+02|
5.867E+00|7.690E+02|
5.868E+00|7.689E+02|
5.869E+00|7.688E+02|
5.870E+00|7.687E+02|
5.871E+00|7.686E+02|
5.872E+00|7.685E+02|
5.873E+00|7.685E+02|
5.874E+00|7.684E+02|
5.875E+00|7.683E+02|
5.876E+00|7.682E+02|
5.877E+00|7.681E+02|
5.878E+00|7.680E+02|
5.879E+00|7.679E+02|
5.880E+00|7.678E+02|
5.881E+00|7.677E+02|
5.882E+00|7.676E+02|
5.883E+00|7.675E+02|
5.884E+00|7.674E+02|
5.885E+00|7.673E+02|
5.886E+00|7.672E+02|
5.887E+00|7.672E+02|
5.888E+00|7.671E+02|
5.889E+00|7.670E+02|
5.890E+00|7.669E+02|
5.891E+00|7.668E+02|
5.892E+00|7.667E+02|
5.893E+00|7.666E+02|
5.894E+00|7.665E+02|
5.895E+00|7.664E+02|
5.896E+00|7.663E+02|
5.897E+00|7.662E+02|
5.898E+00|7.661E+02|
5.899E+00|7.660E+02|
5.900E+00|7.660E+02|
5.901E+00|7.659E+02|
5.902E+00|7.658E+02|
5.903E+00|7.657E+02|
5.904E+00|7.656E+02|
5.905E+00|7.655E+02|
5.906E+00|7.654E+02|
5.907E+00|7.653E+02|
5.908E+00|7.652E+02|
5.909E+00|7.651E+02|
5.910E+00|7.650E+02|
5.911E+00|7.649E+02|
5.912E+00|7.648E+02|
5.913E+00|7.648E+02|
5.914E+00|7.647E+02|
5.915E+00|7.646E+02|
5.916E+00|7.645E+02|
5.917E+00|7.644E+02|
5.918E+00|7.643E+02|
5.919E+00|7.642E+02|
5.920E+00|7.641E+02|
5.921E+00|7.640E+02|
5.922E+00|7.639E+02|
5.923E+00|7.638E+02|
5.924E+00|7.637E+02|
5.925E+00|7.637E+02|
5.926E+00|7.636E+02|
5.927E+00|7.635E+02|
5.928E+00|7.634E+02|
5.929E+00|7.633E+02|
5.930E+00|7.632E+02|
5.931E+00|7.631E+02|
5.932E+00|7.630E+02|
5.933E+00|7.629E+02|
5.934E+00|7.628E+02|
5.935E+00|7.627E+02|
5.936E+00|7.626E+02|
5.937E+00|7.626E+02|
5.938E+00|7.625E+02|
5.939E+00|7.624E+02|
5.940E+00|7.623E+02|
5.941E+00|7.622E+02|
5.942E+00|7.621E+02|
5.943E+00|7.620E+02|
5.944E+00|7.619E+02|
5.945E+00|7.618E+02|
5.946E+00|7.617E+02|
5.947E+00|7.616E+02|
5.948E+00|7.615E+02|
5.949E+00|7.615E+02|
5.950E+00|7.614E+02|
5.951E+00|7.613E+02|
5.952E+00|7.612E+02|
5.953E+00|7.611E+02|
5.954E+00|7.610E+02|
5.955E+00|7.609E+02|
5.956E+00|7.608E+02|
5.957E+00|7.607E+02|
5.958E+00|7.606E+02|
5.959E+00|7.605E+02|
5.960E+00|7.605E+02|
5.961E+00|7.604E+02|
5.962E+00|7.603E+02|
5.963E+00|7.602E+02|
5.964E+00|7.601E+02|
5.965E+00|7.600E+02|
5.966E+00|7.599E+02|
5.967E+00|7.598E+02|
5.968E+00|7.597E+02|
5.969E+00|7.596E+02|
5.970E+00|7.595E+02|
5.971E+00|7.595E+02|
5.972E+00|7.594E+02|
5.973E+00|7.593E+02|
5.974E+00|7.592E+02|
5.975E+00|7.591E+02|
5.976E+00|7.590E+02|
5.977E+00|7.589E+02|
5.978E+00|7.588E+02|
5.979E+00|7.587E+02|
5.980E+00|7.586E+02|
5.981E+00|7.586E+02|
5.982E+00|7.585E+02|
5.983E+00|7.584E+02|
5.984E+00|7.583E+02|
5.985E+00|7.582E+02|
5.986E+00|7.581E+02|
5.987E+00|7.580E+02|
5.988E+00|7.579E+02|
5.989E+00|7.578E+02|
5.990E+00|7.577E+02|
5.991E+00|7.576E+02|
5.992E+00|7.576E+02|
5.993E+00|7.575E+02|
5.994E+00|7.574E+02|
5.995E+00|7.573E+02|
5.996E+00|7.572E+02|
5.997E+00|7.571E+02|
5.998E+00|7.570E+02|
5.999E+00|7.569E+02|
6.000E+00|7.568E+02|

6.001E+00|7.567E+02|
6.002E+00|7.567E+02|
6.003E+00|7.566E+02|
6.004E+00|7.565E+02|
6.005E+00|7.564E+02|
6.006E+00|7.563E+02|
6.007E+00|7.562E+02|
6.008E+00|7.561E+02|
6.009E+00|7.560E+02|
6.010E+00|7.559E+02|
6.011E+00|7.559E+02|
6.012E+00|7.558E+02|
6.013E+00|7.557E+02|
6.014E+00|7.556E+02|
6.015E+00|7.555E+02|
6.016E+00|7.554E+02|
6.017E+00|7.553E+02|
6.018E+00|7.552E+02|
6.019E+00|7.551E+02|
6.020E+00|7.550E+02|
6.021E+00|7.550E+02|
6.022E+00|7.549E+02|
6.023E+00|7.548E+02|
6.024E+00|7.547E+02|
6.025E+00|7.546E+02|
6.026E+00|7.545E+02|
6.027E+00|7.544E+02|
6.028E+00|7.543E+02|
6.029E+00|7.542E+02|
6.030E+00|7.542E+02|
6.031E+00|7.541E+02|
6.032E+00|7.540E+02|
6.033E+00|7.539E+02|
6.034E+00|7.538E+02|
6.035E+00|7.537E+02|
6.036E+00|7.536E+02|
6.037E+00|7.535E+02|
6.038E+00|7.534E+02|
6.039E+00|7.533E+02|
6.040E+00|7.533E+02|
6.041E+00|7.532E+02|
6.042E+00|7.531E+02|
6.043E+00|7.530E+02|
6.044E+00|7.529E+02|
6.045E+00|7.528E+02|
6.046E+00|7.527E+02|
6.047E+00|7.526E+02|
6.048E+00|7.525E+02|
6.049E+00|7.525E+02|
6.050E+00|7.524E+02|
6.051E+00|7.523E+02|
6.052E+00|7.522E+02|
6.053E+00|7.521E+02|
6.054E+00|7.520E+02|
6.055E+00|7.519E+02|
6.056E+00|7.518E+02|
6.057E+00|7.517E+02|
6.058E+00|7.517E+02|
6.059E+00|7.516E+02|
6.060E+00|7.515E+02|
6.061E+00|7.514E+02|
6.062E+00|7.513E+02|
6.063E+00|7.512E+02|
6.064E+00|7.511E+02|
6.065E+00|7.510E+02|
6.066E+00|7.510E+02|
6.067E+00|7.509E+02|
6.068E+00|7.508E+02|
6.069E+00|7.507E+02|
6.070E+00|7.506E+02|
6.071E+00|7.505E+02|
6.072E+00|7.504E+02|
6.073E+00|7.503E+02|
6.074E+00|7.502E+02|
6.075E+00|7.502E+02|
6.076E+00|7.501E+02|
6.077E+00|7.500E+02|
6.078E+00|7.499E+02|
6.079E+00|7.498E+02|
6.080E+00|7.497E+02|
6.081E+00|7.496E+02|
6.082E+00|7.495E+02|
6.083E+00|7.495E+02|
6.084E+00|7.494E+02|
6.085E+00|7.493E+02|
6.086E+00|7.492E+02|
6.087E+00|7.491E+02|
6.088E+00|7.490E+02|
6.089E+00|7.489E+02|
6.090E+00|7.488E+02|
6.091E+00|7.487E+02|
6.092E+00|7.487E+02|
6.093E+00|7.486E+02|
6.094E+00|7.485E+02|
6.095E+00|7.484E+02|
6.096E+00|7.483E+02|
6.097E+00|7.482E+02|
6.098E+00|7.481E+02|
6.099E+00|7.480E+02|
6.100E+00|7.480E+02|
6.101E+00|7.479E+02|
6.102E+00|7.478E+02|
6.103E+00|7.477E+02|
6.104E+00|7.476E+02|
6.105E+00|7.475E+02|
6.106E+00|7.474E+02|
6.107E+00|7.473E+02|
6.108E+00|7.473E+02|
6.109E+00|7.472E+02|
6.110E+00|7.471E+02|
6.111E+00|7.470E+02|
6.112E+00|7.469E+02|
6.113E+00|7.468E+02|
6.114E+00|7.467E+02|
6.115E+00|7.466E+02|
6.116E+00|7.466E+02|
6.117E+00|7.465E+02|
6.118E+00|7.464E+02|
6.119E+00|7.463E+02|
6.120E+00|7.462E+02|
6.121E+00|7.461E+02|
6.122E+00|7.460E+02|
6.123E+00|7.459E+02|
6.124E+00|7.459E+02|
6.125E+00|7.458E+02|
6.126E+00|7.457E+02|
6.127E+00|7.456E+02|
6.128E+00|7.455E+02|
6.129E+00|7.454E+02|
6.130E+00|7.453E+02|
6.131E+00|7.453E+02|
6.132E+00|7.452E+02|
6.133E+00|7.451E+02|
6.134E+00|7.450E+02|
6.135E+00|7.449E+02|
6.136E+00|7.448E+02|
6.137E+00|7.447E+02|
6.138E+00|7.446E+02|
6.139E+00|7.446E+02|
6.140E+00|7.445E+02|
6.141E+00|7.444E+02|
6.142E+00|7.443E+02|
6.143E+00|7.442E+02|
6.144E+00|7.441E+02|
6.145E+00|7.440E+02|
6.146E+00|7.440E+02|
6.147E+00|7.439E+02|
6.148E+00|7.438E+02|
6.149E+00|7.437E+02|
6.150E+00|7.436E+02|
6.151E+00|7.435E+02|
6.152E+00|7.434E+02|
6.153E+00|7.433E+02|
6.154E+00|7.433E+02|
6.155E+00|7.432E+02|
6.156E+00|7.431E+02|
6.157E+00|7.430E+02|
6.158E+00|7.429E+02|
6.159E+00|7.428E+02|
6.160E+00|7.427E+02|
6.161E+00|7.427E+02|
6.162E+00|7.426E+02|
6.163E+00|7.425E+02|
6.164E+00|7.424E+02|
6.165E+00|7.423E+02|
6.166E+00|7.422E+02|
6.167E+00|7.421E+02|
6.168E+00|7.421E+02|
6.169E+00|7.420E+02|
6.170E+00|7.419E+02|
6.171E+00|7.418E+02|
6.172E+00|7.417E+02|
6.173E+00|7.416E+02|
6.174E+00|7.415E+02|
6.175E+00|7.414E+02|
6.176E+00|7.414E+02|
6.177E+00|7.413E+02|
6.178E+00|7.412E+02|
6.179E+00|7.411E+02|
6.180E+00|7.410E+02|
6.181E+00|7.409E+02|
6.182E+00|7.408E+02|
6.183E+00|7.408E+02|
6.184E+00|7.407E+02|
6.185E+00|7.406E+02|
6.186E+00|7.405E+02|
6.187E+00|7.404E+02|
6.188E+00|7.403E+02|
6.189E+00|7.402E+02|
6.190E+00|7.402E+02|
6.191E+00|7.401E+02|
6.192E+00|7.400E+02|
6.193E+00|7.399E+02|
6.194E+00|7.398E+02|
6.195E+00|7.397E+02|
6.196E+00|7.396E+02|
6.197E+00|7.396E+02|
6.198E+00|7.395E+02|
6.199E+00|7.394E+02|
6.200E+00|7.393E+02|
6.201E+00|7.392E+02|
6.202E+00|7.391E+02|
6.203E+00|7.390E+02|
6.204E+00|7.390E+02|
6.205E+00|7.389E+02|
6.206E+00|7.388E+02|
6.207E+00|7.387E+02|
6.208E+00|7.386E+02|
6.209E+00|7.385E+02|
6.210E+00|7.385E+02|
6.211E+00|7.384E+02|
6.212E+00|7.383E+02|
6.213E+00|7.382E+02|
6.214E+00|7.381E+02|
6.215E+00|7.380E+02|
6.216E+00|7.379E+02|
6.217E+00|7.379E+02|
6.218E+00|7.378E+02|
6.219E+00|7.377E+02|
6.220E+00|7.376E+02|
6.221E+00|7.375E+02|
6.222E+00|7.374E+02|
6.223E+00|7.373E+02|
6.224E+00|7.373E+02|
6.225E+00|7.372E+02|
6.226E+00|7.371E+02|
6.227E+00|7.370E+02|
6.228E+00|7.369E+02|
6.229E+00|7.368E+02|
6.230E+00|7.368E+02|
6.231E+00|7.367E+02|
6.232E+00|7.366E+02|
6.233E+00|7.365E+02|
6.234E+00|7.364E+02|
6.235E+00|7.363E+02|
6.236E+00|7.362E+02|
6.237E+00|7.362E+02|
6.238E+00|7.361E+02|
6.239E+00|7.360E+02|
6.240E+00|7.359E+02|
6.241E+00|7.358E+02|
6.242E+00|7.357E+02|
6.243E+00|7.357E+02|
6.244E+00|7.356E+02|
6.245E+00|7.355E+02|
6.246E+00|7.354E+02|
6.247E+00|7.353E+02|
6.248E+00|7.352E+02|
6.249E+00|7.351E+02|
6.250E+00|7.351E+02|
6.251E+00|7.350E+02|
6.252E+00|7.349E+02|
6.253E+00|7.348E+02|
6.254E+00|7.347E+02|
6.255E+00|7.346E+02|
6.256E+00|7.346E+02|
6.257E+00|7.345E+02|
6.258E+00|7.344E+02|
6.259E+00|7.343E+02|
6.260E+00|7.342E+02|
6.261E+00|7.341E+02|
6.262E+00|7.341E+02|
6.263E+00|7.340E+02|
6.264E+00|7.339E+02|
6.265E+00|7.338E+02|
6.266E+00|7.337E+02|
6.267E+00|7.336E+02|
6.268E+00|7.335E+02|
6.269E+00|7.335E+02|
6.270E+00|7.334E+02|
6.271E+00|7.333E+02|
6.272E+00|7.332E+02|
6.273E+00|7.331E+02|
6.274E+00|7.330E+02|
6.275E+00|7.330E+02|
6.276E+00|7.329E+02|
6.277E+00|7.328E+02|
6.278E+00|7.327E+02|
6.279E+00|7.326E+02|
6.280E+00|7.325E+02|
6.281E+00|7.325E+02|
6.282E+00|7.324E+02|
6.283E+00|7.323E+02|
6.284E+00|7.322E+02|
6.285E+00|7.321E+02|
6.286E+00|7.320E+02|
6.287E+00|7.320E+02|
6.288E+00|7.319E+02|
6.289E+00|7.318E+02|
6.290E+00|7.317E+02|
6.291E+00|7.316E+02|
6.292E+00|7.315E+02|
6.293E+00|7.315E+02|
6.294E+00|7.314E+02|
6.295E+00|7.313E+02|
6.296E+00|7.312E+02|
6.297E+00|7.311E+02|
6.298E+00|7.310E+02|
6.299E+00|7.310E+02|
6.300E+00|7.309E+02|
6.301E+00|7.308E+02|
6.302E+00|7.307E+02|
6.303E+00|7.306E+02|
6.304E+00|7.305E+02|
6.305E+00|7.305E+02|
6.306E+00|7.304E+02|
6.307E+00|7.303E+02|
6.308E+00|7.302E+02|
6.309E+00|7.301E+02|
6.310E+00|7.300E+02|
6.311E+00|7.300E+02|
6.312E+00|7.299E+02|
6.313E+00|7.298E+02|
6.314E+00|7.297E+02|
6.315E+00|7.296E+02|
6.316E+00|7.295E+02|
6.317E+00|7.295E+02|
6.318E+00|7.294E+02|
6.319E+00|7.293E+02|
6.320E+00|7.292E+02|
6.321E+00|7.291E+02|
6.322E+00|7.290E+02|
6.323E+00|7.290E+02|
6.324E+00|7.289E+02|
6.325E+00|7.288E+02|
6.326E+00|7.287E+02|
6.327E+00|7.286E+02|
6.328E+00|7.285E+02|
6.329E+00|7.285E+02|
6.330E+00|7.284E+02|
6.331E+00|7.283E+02|
6.332E+00|7.282E+02|
6.333E+00|7.281E+02|
6.334E+00|7.281E+02|
6.335E+00|7.280E+02|
6.336E+00|7.279E+02|
6.337E+00|7.278E+02|
6.338E+00|7.277E+02|
6.339E+00|7.276E+02|
6.340E+00|7.276E+02|
6.341E+00|7.275E+02|
6.342E+00|7.274E+02|
6.343E+00|7.273E+02|
6.344E+00|7.272E+02|
6.345E+00|7.271E+02|
6.346E+00|7.271E+02|
6.347E+00|7.270E+02|
6.348E+00|7.269E+02|
6.349E+00|7.268E+02|
6.350E+00|7.267E+02|
6.351E+00|7.267E+02|
6.352E+00|7.266E+02|
6.353E+00|7.265E+02|
6.354E+00|7.264E+02|
6.355E+00|7.263E+02|
6.356E+00|7.262E+02|
6.357E+00|7.262E+02|
6.358E+00|7.261E+02|
6.359E+00|7.260E+02|
6.360E+00|7.259E+02|
6.361E+00|7.258E+02|
6.362E+00|7.257E+02|
6.363E+00|7.257E+02|
6.364E+00|7.256E+02|
6.365E+00|7.255E+02|
6.366E+00|7.254E+02|
6.367E+00|7.253E+02|
6.368E+00|7.253E+02|
6.369E+00|7.252E+02|
6.370E+00|7.251E+02|
6.371E+00|7.250E+02|
6.372E+00|7.249E+02|
6.373E+00|7.248E+02|
6.374E+00|7.248E+02|
6.375E+00|7.247E+02|
6.376E+00|7.246E+02|
6.377E+00|7.245E+02|
6.378E+00|7.244E+02|
6.379E+00|7.244E+02|
6.380E+00|7.243E+02|
6.381E+00|7.242E+02|
6.382E+00|7.241E+02|
6.383E+00|7.240E+02|
6.384E+00|7.240E+02|
6.385E+00|7.239E+02|
6.386E+00|7.238E+02|
6.387E+00|7.237E+02|
6.388E+00|7.236E+02|
6.389E+00|7.235E+02|
6.390E+00|7.235E+02|
6.391E+00|7.234E+02|
6.392E+00|7.233E+02|
6.393E+00|7.232E+02|
6.394E+00|7.231E+02|
6.395E+00|7.231E+02|
6.396E+00|7.230E+02|
6.397E+00|7.229E+02|
6.398E+00|7.228E+02|
6.399E+00|7.227E+02|
6.400E+00|7.226E+02|
6.401E+00|7.226E+02|
6.402E+00|7.225E+02|
6.403E+00|7.224E+02|
6.404E+00|7.223E+02|
6.405E+00|7.222E+02|
6.406E+00|7.222E+02|
6.407E+00|7.221E+02|
6.408E+00|7.220E+02|
6.409E+00|7.219E+02|
6.410E+00|7.218E+02|
6.411E+00|7.218E+02|
6.412E+00|7.217E+02|
6.413E+00|7.216E+02|
6.414E+00|7.215E+02|
6.415E+00|7.214E+02|
6.416E+00|7.214E+02|
6.417E+00|7.213E+02|
6.418E+00|7.212E+02|
6.419E+00|7.211E+02|
6.420E+00|7.210E+02|
6.421E+00|7.209E+02|
6.422E+00|7.209E+02|
6.423E+00|7.208E+02|
6.424E+00|7.207E+02|
6.425E+00|7.206E+02|
6.426E+00|7.205E+02|
6.427E+00|7.205E+02|
6.428E+00|7.204E+02|
6.429E+00|7.203E+02|
6.430E+00|7.202E+02|
6.431E+00|7.201E+02|
6.432E+00|7.201E+02|
6.433E+00|7.200E+02|
6.434E+00|7.199E+02|
6.435E+00|7.198E+02|
6.436E+00|7.197E+02|
6.437E+00|7.197E+02|
6.438E+00|7.196E+02|
6.439E+00|7.195E+02|
6.440E+00|7.194E+02|
6.441E+00|7.193E+02|
6.442E+00|7.193E+02|
6.443E+00|7.192E+02|
6.444E+00|7.191E+02|
6.445E+00|7.190E+02|
6.446E+00|7.189E+02|
6.447E+00|7.189E+02|
6.448E+00|7.188E+02|
6.449E+00|7.187E+02|
6.450E+00|7.186E+02|
6.451E+00|7.185E+02|
6.452E+00|7.185E+02|
6.453E+00|7.184E+02|
6.454E+00|7.183E+02|
6.455E+00|7.182E+02|
6.456E+00|7.181E+02|
6.457E+00|7.181E+02|
6.458E+00|7.180E+02|
6.459E+00|7.179E+02|
6.460E+00|7.178E+02|
6.461E+00|7.177E+02|
6.462E+00|7.177E+02|
6.463E+00|7.176E+02|
6.464E+00|7.175E+02|
6.465E+00|7.174E+02|
6.466E+00|7.173E+02|
6.467E+00|7.173E+02|
6.468E+00|7.172E+02|
6.469E+00|7.171E+02|
6.470E+00|7.170E+02|
6.471E+00|7.169E+02|
6.472E+00|7.169E+02|
6.473E+00|7.168E+02|
6.474E+00|7.167E+02|
6.475E+00|7.166E+02|
6.476E+00|7.165E+02|
6.477E+00|7.165E+02|
6.478E+00|7.164E+02|
6.479E+00|7.163E+02|
6.480E+00|7.162E+02|
6.481E+00|7.161E+02|
6.482E+00|7.161E+02|
6.483E+00|7.160E+02|
6.484E+00|7.159E+02|
6.485E+00|7.158E+02|
6.486E+00|7.157E+02|
6.487E+00|7.157E+02|
6.488E+00|7.156E+02|
6.489E+00|7.155E+02|
6.490E+00|7.154E+02|
6.491E+00|7.153E+02|
6.492E+00|7.153E+02|
6.493E+00|7.152E+02|
6.494E+00|7.151E+02|
6.495E+00|7.150E+02|
6.496E+00|7.150E+02|
6.497E+00|7.149E+02|
6.498E+00|7.148E+02|
6.499E+00|7.147E+02|
6.500E+00|7.146E+02|
6.501E+00|7.146E+02|
6.502E+00|7.145E+02|
6.503E+00|7.144E+02|
6.504E+00|7.143E+02|
6.505E+00|7.142E+02|
6.506E+00|7.142E+02|
6.507E+00|7.141E+02|
6.508E+00|7.140E+02|
6.509E+00|7.139E+02|
6.510E+00|7.138E+02|
6.511E+00|7.138E+02|
6.512E+00|7.137E+02|
6.513E+00|7.136E+02|
6.514E+00|7.135E+02|
6.515E+00|7.134E+02|
6.516E+00|7.134E+02|
6.517E+00|7.133E+02|
6.518E+00|7.132E+02|
6.519E+00|7.131E+02|
6.520E+00|7.131E+02|
6.521E+00|7.130E+02|
6.522E+00|7.129E+02|
6.523E+00|7.128E+02|
6.524E+00|7.127E+02|
6.525E+00|7.127E+02|
6.526E+00|7.126E+02|
6.527E+00|7.125E+02|
6.528E+00|7.124E+02|
6.529E+00|7.123E+02|
6.530E+00|7.123E+02|
6.531E+00|7.122E+02|
6.532E+00|7.121E+02|
6.533E+00|7.120E+02|
6.534E+00|7.120E+02|
6.535E+00|7.119E+02|
6.536E+00|7.118E+02|
6.537E+00|7.117E+02|
6.538E+00|7.116E+02|
6.539E+00|7.116E+02|
6.540E+00|7.115E+02|
6.541E+00|7.114E+02|
6.542E+00|7.113E+02|
6.543E+00|7.113E+02|
6.544E+00|7.112E+02|
6.545E+00|7.111E+02|
6.546E+00|7.110E+02|
6.547E+00|7.109E+02|
6.548E+00|7.109E+02|
6.549E+00|7.108E+02|
6.550E+00|7.107E+02|
6.551E+00|7.106E+02|
6.552E+00|7.105E+02|
6.553E+00|7.105E+02|
6.554E+00|7.104E+02|
6.555E+00|7.103E+02|
6.556E+00|7.102E+02|
6.557E+00|7.102E+02|
6.558E+00|7.101E+02|
6.559E+00|7.100E+02|
6.560E+00|7.099E+02|
6.561E+00|7.098E+02|
6.562E+00|7.098E+02|
6.563E+00|7.097E+02|
6.564E+00|7.096E+02|
6.565E+00|7.095E+02|
6.566E+00|7.095E+02|
6.567E+00|7.094E+02|
6.568E+00|7.093E+02|
6.569E+00|7.092E+02|
6.570E+00|7.091E+02|
6.571E+00|7.091E+02|
6.572E+00|7.090E+02|
6.573E+00|7.089E+02|
6.574E+00|7.088E+02|
6.575E+00|7.088E+02|
6.576E+00|7.087E+02|
6.577E+00|7.086E+02|
6.578E+00|7.085E+02|
6.579E+00|7.084E+02|
6.580E+00|7.084E+02|
6.581E+00|7.083E+02|
6.582E+00|7.082E+02|
6.583E+00|7.081E+02|
6.584E+00|7.081E+02|
6.585E+00|7.080E+02|
6.586E+00|7.079E+02|
6.587E+00|7.078E+02|
6.588E+00|7.077E+02|
6.589E+00|7.077E+02|
6.590E+00|7.076E+02|
6.591E+00|7.075E+02|
6.592E+00|7.074E+02|
6.593E+00|7.074E+02|
6.594E+00|7.073E+02|
6.595E+00|7.072E+02|
6.596E+00|7.071E+02|
6.597E+00|7.071E+02|
6.598E+00|7.070E+02|
6.599E+00|7.069E+02|
6.600E+00|7.068E+02|
6.601E+00|7.067E+02|
6.602E+00|7.067E+02|
6.603E+00|7.066E+02|
6.604E+00|7.065E+02|
6.605E+00|7.064E+02|
6.606E+00|7.064E+02|
6.607E+00|7.063E+02|
6.608E+00|7.062E+02|
6.609E+00|7.061E+02|
6.610E+00|7.060E+02|
6.611E+00|7.060E+02|
6.612E+00|7.059E+02|
6.613E+00|7.058E+02|
6.614E+00|7.057E+02|
6.615E+00|7.057E+02|
6.616E+00|7.056E+02|
6.617E+00|7.055E+02|
6.618E+00|7.054E+02|
6.619E+00|7.054E+02|
6.620E+00|7.053E+02|
6.621E+00|7.052E+02|
6.622E+00|7.051E+02|
6.623E+00|7.050E+02|
6.624E+00|7.050E+02|
6.625E+00|7.049E+02|
6.626E+00|7.048E+02|
6.627E+00|7.047E+02|
6.628E+00|7.047E+02|
6.629E+00|7.046E+02|
6.630E+00|7.045E+02|
6.631E+00|7.044E+02|
6.632E+00|7.044E+02|
6.633E+00|7.043E+02|
6.634E+00|7.042E+02|
6.635E+00|7.041E+02|
6.636E+00|7.041E+02|
6.637E+00|7.040E+02|
6.638E+00|7.039E+02|
6.639E+00|7.038E+02|
6.640E+00|7.037E+02|
6.641E+00|7.037E+02|
6.642E+00|7.036E+02|
6.643E+00|7.035E+02|
6.644E+00|7.034E+02|
6.645E+00|7.034E+02|
6.646E+00|7.033E+02|
6.647E+00|7.032E+02|
6.648E+00|7.031E+02|
6.649E+00|7.031E+02|
6.650E+00|7.030E+02|
6.651E+00|7.029E+02|
6.652E+00|7.028E+02|
6.653E+00|7.028E+02|
6.654E+00|7.027E+02|
6.655E+00|7.026E+02|
6.656E+00|7.025E+02|
6.657E+00|7.025E+02|
6.658E+00|7.024E+02|
6.659E+00|7.023E+02|
6.660E+00|7.022E+02|
6.661E+00|7.021E+02|
6.662E+00|7.021E+02|
6.663E+00|7.020E+02|
6.664E+00|7.019E+02|
6.665E+00|7.018E+02|
6.666E+00|7.018E+02|
6.667E+00|7.017E+02|
6.668E+00|7.016E+02|
6.669E+00|7.015E+02|
6.670E+00|7.015E+02|
6.671E+00|7.014E+02|
6.672E+00|7.013E+02|
6.673E+00|7.012E+02|
6.674E+00|7.012E+02|
6.675E+00|7.011E+02|
6.676E+00|7.010E+02|
6.677E+00|7.009E+02|
6.678E+00|7.009E+02|
6.679E+00|7.008E+02|
6.680E+00|7.007E+02|
6.681E+00|7.006E+02|
6.682E+00|7.006E+02|
6.683E+00|7.005E+02|
6.684E+00|7.004E+02|
6.685E+00|7.003E+02|
6.686E+00|7.003E+02|
6.687E+00|7.002E+02|
6.688E+00|7.001E+02|
6.689E+00|7.000E+02|
6.690E+00|6.999E+02|
6.691E+00|6.999E+02|
6.692E+00|6.998E+02|
6.693E+00|6.997E+02|
6.694E+00|6.996E+02|
6.695E+00|6.996E+02|
6.696E+00|6.995E+02|
6.697E+00|6.994E+02|
6.698E+00|6.993E+02|
6.699E+00|6.993E+02|
6.700E+00|6.992E+02|
6.701E+00|6.991E+02|
6.702E+00|6.990E+02|
6.703E+00|6.990E+02|
6.704E+00|6.989E+02|
6.705E+00|6.988E+02|
6.706E+00|6.987E+02|
6.707E+00|6.987E+02|
6.708E+00|6.986E+02|
6.709E+00|6.985E+02|
6.710E+00|6.984E+02|
6.711E+00|6.984E+02|
6.712E+00|6.983E+02|
6.713E+00|6.982E+02|
6.714E+00|6.981E+02|
6.715E+00|6.981E+02|
6.716E+00|6.980E+02|
6.717E+00|6.979E+02|
6.718E+00|6.978E+02|
6.719E+00|6.978E+02|
6.720E+00|6.977E+02|
6.721E+00|6.976E+02|
6.722E+00|6.975E+02|
6.723E+00|6.975E+02|
6.724E+00|6.974E+02|
6.725E+00|6.973E+02|
6.726E+00|6.972E+02|
6.727E+00|6.972E+02|
6.728E+00|6.971E+02|
6.729E+00|6.970E+02|
6.730E+00|6.969E+02|
6.731E+00|6.969E+02|
6.732E+00|6.968E+02|
6.733E+00|6.967E+02|
6.734E+00|6.966E+02|
6.735E+00|6.966E+02|
6.736E+00|6.965E+02|
6.737E+00|6.964E+02|
6.738E+00|6.963E+02|
6.739E+00|6.963E+02|
6.740E+00|6.962E+02|
6.741E+00|6.961E+02|
6.742E+00|6.960E+02|
6.743E+00|6.960E+02|
6.744E+00|6.959E+02|
6.745E+00|6.958E+02|
6.746E+00|6.958E+02|
6.747E+00|6.957E+02|
6.748E+00|6.956E+02|
6.749E+00|6.955E+02|
6.750E+00|6.955E+02|
6.751E+00|6.954E+02|
6.752E+00|6.953E+02|
6.753E+00|6.952E+02|
6.754E+00|6.952E+02|
6.755E+00|6.951E+02|
6.756E+00|6.950E+02|
6.757E+00|6.949E+02|
6.758E+00|6.949E+02|
6.759E+00|6.948E+02|
6.760E+00|6.947E+02|
6.761E+00|6.946E+02|
6.762E+00|6.946E+02|
6.763E+00|6.945E+02|
6.764E+00|6.944E+02|
6.765E+00|6.943E+02|
6.766E+00|6.943E+02|
6.767E+00|6.942E+02|
6.768E+00|6.941E+02|
6.769E+00|6.940E+02|
6.770E+00|6.940E+02|
6.771E+00|6.939E+02|
6.772E+00|6.938E+02|
6.773E+00|6.937E+02|
6.774E+00|6.937E+02|
6.775E+00|6.936E+02|
6.776E+00|6.935E+02|
6.777E+00|6.935E+02|
6.778E+00|6.934E+02|
6.779E+00|6.933E+02|
6.780E+00|6.932E+02|
6.781E+00|6.932E+02|
6.782E+00|6.931E+02|
6.783E+00|6.930E+02|
6.784E+00|6.929E+02|
6.785E+00|6.929E+02|
6.786E+00|6.928E+02|
6.787E+00|6.927E+02|
6.788E+00|6.926E+02|
6.789E+00|6.926E+02|
6.790E+00|6.925E+02|
6.791E+00|6.924E+02|
6.792E+00|6.923E+02|
6.793E+00|6.923E+02|
6.794E+00|6.922E+02|
6.795E+00|6.921E+02|
6.796E+00|6.921E+02|
6.797E+00|6.920E+02|
6.798E+00|6.919E+02|
6.799E+00|6.918E+02|
6.800E+00|6.918E+02|
6.801E+00|6.917E+02|
6.802E+00|6.916E+02|
6.803E+00|6.915E+02|
6.804E+00|6.915E+02|
6.805E+00|6.914E+02|
6.806E+00|6.913E+02|
6.807E+00|6.912E+02|
6.808E+00|6.912E+02|
6.809E+00|6.911E+02|
6.810E+00|6.910E+02|
6.811E+00|6.909E+02|
6.812E+00|6.909E+02|
6.813E+00|6.908E+02|
6.814E+00|6.907E+02|
6.815E+00|6.907E+02|
6.816E+00|6.906E+02|
6.817E+00|6.905E+02|
6.818E+00|6.904E+02|
6.819E+00|6.904E+02|
6.820E+00|6.903E+02|
6.821E+00|6.902E+02|
6.822E+00|6.901E+02|
6.823E+00|6.901E+02|
6.824E+00|6.900E+02|
6.825E+00|6.899E+02|
6.826E+00|6.899E+02|
6.827E+00|6.898E+02|
6.828E+00|6.897E+02|
6.829E+00|6.896E+02|
6.830E+00|6.896E+02|
6.831E+00|6.895E+02|
6.832E+00|6.894E+02|
6.833E+00|6.893E+02|
6.834E+00|6.893E+02|
6.835E+00|6.892E+02|
6.836E+00|6.891E+02|
6.837E+00|6.890E+02|
6.838E+00|6.890E+02|
6.839E+00|6.889E+02|
6.840E+00|6.888E+02|
6.841E+00|6.888E+02|
6.842E+00|6.887E+02|
6.843E+00|6.886E+02|
6.844E+00|6.885E+02|
6.845E+00|6.885E+02|
6.846E+00|6.884E+02|
6.847E+00|6.883E+02|
6.848E+00|6.882E+02|
6.849E+00|6.882E+02|
6.850E+00|6.881E+02|
6.851E+00|6.880E+02|
6.852E+00|6.880E+02|
6.853E+00|6.879E+02|
6.854E+00|6.878E+02|
6.855E+00|6.877E+02|
6.856E+00|6.877E+02|
6.857E+00|6.876E+02|
6.858E+00|6.875E+02|
6.859E+00|6.875E+02|
6.860E+00|6.874E+02|
6.861E+00|6.873E+02|
6.862E+00|6.872E+02|
6.863E+00|6.872E+02|
6.864E+00|6.871E+02|
6.865E+00|6.870E+02|
6.866E+00|6.869E+02|
6.867E+00|6.869E+02|
6.868E+00|6.868E+02|
6.869E+00|6.867E+02|
6.870E+00|6.867E+02|
6.871E+00|6.866E+02|
6.872E+00|6.865E+02|
6.873E+00|6.864E+02|
6.874E+00|6.864E+02|
6.875E+00|6.863E+02|
6.876E+00|6.862E+02|
6.877E+00|6.862E+02|
6.878E+00|6.861E+02|
6.879E+00|6.860E+02|
6.880E+00|6.859E+02|
6.881E+00|6.859E+02|
6.882E+00|6.858E+02|
6.883E+00|6.857E+02|
6.884E+00|6.856E+02|
6.885E+00|6.856E+02|
6.886E+00|6.855E+02|
6.887E+00|6.854E+02|
6.888E+00|6.854E+02|
6.889E+00|6.853E+02|
6.890E+00|6.852E+02|
6.891E+00|6.851E+02|
6.892E+00|6.851E+02|
6.893E+00|6.850E+02|
6.894E+00|6.849E+02|
6.895E+00|6.849E+02|
6.896E+00|6.848E+02|
6.897E+00|6.847E+02|
6.898E+00|6.846E+02|
6.899E+00|6.846E+02|
6.900E+00|6.845E+02|
6.901E+00|6.844E+02|
6.902E+00|6.844E+02|
6.903E+00|6.843E+02|
6.904E+00|6.842E+02|
6.905E+00|6.841E+02|
6.906E+00|6.841E+02|
6.907E+00|6.840E+02|
6.908E+00|6.839E+02|
6.909E+00|6.839E+02|
6.910E+00|6.838E+02|
6.911E+00|6.837E+02|
6.912E+00|6.836E+02|
6.913E+00|6.836E+02|
6.914E+00|6.835E+02|
6.915E+00|6.834E+02|
6.916E+00|6.833E+02|
6.917E+00|6.833E+02|
6.918E+00|6.832E+02|
6.919E+00|6.831E+02|
6.920E+00|6.831E+02|
6.921E+00|6.830E+02|
6.922E+00|6.829E+02|
6.923E+00|6.828E+02|
6.924E+00|6.828E+02|
6.925E+00|6.827E+02|
6.926E+00|6.826E+02|
6.927E+00|6.826E+02|
6.928E+00|6.825E+02|
6.929E+00|6.824E+02|
6.930E+00|6.824E+02|
6.931E+00|6.823E+02|
6.932E+00|6.822E+02|
6.933E+00|6.821E+02|
6.934E+00|6.821E+02|
6.935E+00|6.820E+02|
6.936E+00|6.819E+02|
6.937E+00|6.819E+02|
6.938E+00|6.818E+02|
6.939E+00|6.817E+02|
6.940E+00|6.816E+02|
6.941E+00|6.816E+02|
6.942E+00|6.815E+02|
6.943E+00|6.814E+02|
6.944E+00|6.814E+02|
6.945E+00|6.813E+02|
6.946E+00|6.812E+02|
6.947E+00|6.811E+02|
6.948E+00|6.811E+02|
6.949E+00|6.810E+02|
6.950E+00|6.809E+02|
6.951E+00|6.809E+02|
6.952E+00|6.808E+02|
6.953E+00|6.807E+02|
6.954E+00|6.806E+02|
6.955E+00|6.806E+02|
6.956E+00|6.805E+02|
6.957E+00|6.804E+02|
6.958E+00|6.804E+02|
6.959E+00|6.803E+02|
6.960E+00|6.802E+02|
6.961E+00|6.801E+02|
6.962E+00|6.801E+02|
6.963E+00|6.800E+02|
6.964E+00|6.799E+02|
6.965E+00|6.799E+02|
6.966E+00|6.798E+02|
6.967E+00|6.797E+02|
6.968E+00|6.797E+02|
6.969E+00|6.796E+02|
6.970E+00|6.795E+02|
6.971E+00|6.794E+02|
6.972E+00|6.794E+02|
6.973E+00|6.793E+02|
6.974E+00|6.792E+02|
6.975E+00|6.792E+02|
6.976E+00|6.791E+02|
6.977E+00|6.790E+02|
6.978E+00|6.789E+02|
6.979E+00|6.789E+02|
6.980E+00|6.788E+02|
6.981E+00|6.787E+02|
6.982E+00|6.787E+02|
6.983E+00|6.786E+02|
6.984E+00|6.785E+02|
6.985E+00|6.785E+02|
6.986E+00|6.784E+02|
6.987E+00|6.783E+02|
6.988E+00|6.782E+02|
6.989E+00|6.782E+02|
6.990E+00|6.781E+02|
6.991E+00|6.780E+02|
6.992E+00|6.780E+02|
6.993E+00|6.779E+02|
6.994E+00|6.778E+02|
6.995E+00|6.778E+02|
6.996E+00|6.777E+02|
6.997E+00|6.776E+02|
6.998E+00|6.775E+02|
6.999E+00|6.775E+02|
7.000E+00|6.774E+02|
7.001E+00|6.773E+02|
7.002E+00|6.773E+02|
7.003E+00|6.772E+02|
7.004E+00|6.771E+02|
7.005E+00|6.771E+02|
7.006E+00|6.770E+02|
7.007E+00|6.769E+02|
7.008E+00|6.768E+02|
7.009E+00|6.768E+02|
7.010E+00|6.767E+02|
7.011E+00|6.766E+02|
7.012E+00|6.766E+02|
7.013E+00|6.765E+02|
7.014E+00|6.764E+02|
7.015E+00|6.764E+02|
7.016E+00|6.763E+02|
7.017E+00|6.762E+02|
7.018E+00|6.761E+02|
7.019E+00|6.761E+02|
7.020E+00|6.760E+02|
7.021E+00|6.759E+02|
7.022E+00|6.759E+02|
7.023E+00|6.758E+02|
7.024E+00|6.757E+02|
7.025E+00|6.757E+02|
7.026E+00|6.756E+02|
7.027E+00|6.755E+02|
7.028E+00|6.754E+02|
7.029E+00|6.754E+02|
7.030E+00|6.753E+02|
7.031E+00|6.752E+02|
7.032E+00|6.752E+02|
7.033E+00|6.751E+02|
7.034E+00|6.750E+02|
7.035E+00|6.750E+02|
7.036E+00|6.749E+02|
7.037E+00|6.748E+02|
7.038E+00|6.748E+02|
7.039E+00|6.747E+02|
7.040E+00|6.746E+02|
7.041E+00|6.745E+02|
7.042E+00|6.745E+02|
7.043E+00|6.744E+02|
7.044E+00|6.743E+02|
7.045E+00|6.743E+02|
7.046E+00|6.742E+02|
7.047E+00|6.741E+02|
7.048E+00|6.741E+02|
7.049E+00|6.740E+02|
7.050E+00|6.739E+02|
7.051E+00|6.739E+02|
7.052E+00|6.738E+02|
7.053E+00|6.737E+02|
7.054E+00|6.736E+02|
7.055E+00|6.736E+02|
7.056E+00|6.735E+02|
7.057E+00|6.734E+02|
7.058E+00|6.734E+02|
7.059E+00|6.733E+02|
7.060E+00|6.732E+02|
7.061E+00|6.732E+02|
7.062E+00|6.731E+02|
7.063E+00|6.730E+02|
7.064E+00|6.730E+02|
7.065E+00|6.729E+02|
7.066E+00|6.728E+02|
7.067E+00|6.727E+02|
7.068E+00|6.727E+02|
7.069E+00|6.726E+02|
7.070E+00|6.725E+02|
7.071E+00|6.725E+02|
7.072E+00|6.724E+02|
7.073E+00|6.723E+02|
7.074E+00|6.723E+02|
7.075E+00|6.722E+02|
7.076E+00|6.721E+02|
7.077E+00|6.721E+02|
7.078E+00|6.720E+02|
7.079E+00|6.719E+02|
7.080E+00|6.718E+02|
7.081E+00|6.718E+02|
7.082E+00|6.717E+02|
7.083E+00|6.716E+02|
7.084E+00|6.716E+02|
7.085E+00|6.715E+02|
7.086E+00|6.714E+02|
7.087E+00|6.714E+02|
7.088E+00|6.713E+02|
7.089E+00|6.712E+02|
7.090E+00|6.712E+02|
7.091E+00|6.711E+02|
7.092E+00|6.710E+02|
7.093E+00|6.710E+02|
7.094E+00|6.709E+02|
7.095E+00|6.708E+02|
7.096E+00|6.707E+02|
7.097E+00|6.707E+02|
7.098E+00|6.706E+02|
7.099E+00|6.705E+02|
7.100E+00|6.705E+02|
7.101E+00|6.704E+02|
7.102E+00|6.703E+02|
7.103E+00|6.703E+02|
7.104E+00|6.702E+02|
7.105E+00|6.701E+02|
7.106E+00|6.701E+02|
7.107E+00|6.700E+02|
7.108E+00|6.699E+02|
7.109E+00|6.699E+02|
7.110E+00|6.698E+02|
7.111E+00|6.697E+02|
7.112E+00|6.697E+02|
7.113E+00|6.696E+02|
7.114E+00|6.695E+02|
7.115E+00|6.695E+02|
7.116E+00|6.694E+02|
7.117E+00|6.693E+02|
7.118E+00|6.692E+02|
7.119E+00|6.692E+02|
7.120E+00|6.691E+02|
7.121E+00|6.690E+02|
7.122E+00|6.690E+02|
7.123E+00|6.689E+02|
7.124E+00|6.688E+02|
7.125E+00|6.688E+02|
7.126E+00|6.687E+02|
7.127E+00|6.686E+02|
7.128E+00|6.686E+02|
7.129E+00|6.685E+02|
7.130E+00|6.684E+02|
7.131E+00|6.684E+02|
7.132E+00|6.683E+02|
7.133E+00|6.682E+02|
7.134E+00|6.682E+02|
7.135E+00|6.681E+02|
7.136E+00|6.680E+02|
7.137E+00|6.680E+02|
7.138E+00|6.679E+02|
7.139E+00|6.678E+02|
7.140E+00|6.677E+02|
7.141E+00|6.677E+02|
7.142E+00|6.676E+02|
7.143E+00|6.675E+02|
7.144E+00|6.675E+02|
7.145E+00|6.674E+02|
7.146E+00|6.673E+02|
7.147E+00|6.673E+02|
7.148E+00|6.672E+02|
7.149E+00|6.671E+02|
7.150E+00|6.671E+02|
7.151E+00|6.670E+02|
7.152E+00|6.669E+02|
7.153E+00|6.669E+02|
7.154E+00|6.668E+02|
7.155E+00|6.667E+02|
7.156E+00|6.667E+02|
7.157E+00|6.666E+02|
7.158E+00|6.665E+02|
7.159E+00|6.665E+02|
7.160E+00|6.664E+02|
7.161E+00|6.663E+02|
7.162E+00|6.663E+02|
7.163E+00|6.662E+02|
7.164E+00|6.661E+02|
7.165E+00|6.661E+02|
7.166E+00|6.660E+02|
7.167E+00|6.659E+02|
7.168E+00|6.659E+02|
7.169E+00|6.658E+02|
7.170E+00|6.657E+02|
7.171E+00|6.657E+02|
7.172E+00|6.656E+02|
7.173E+00|6.655E+02|
7.174E+00|6.655E+02|
7.175E+00|6.654E+02|
7.176E+00|6.653E+02|
7.177E+00|6.652E+02|
7.178E+00|6.652E+02|
7.179E+00|6.651E+02|
7.180E+00|6.650E+02|
7.181E+00|6.650E+02|
7.182E+00|6.649E+02|
7.183E+00|6.648E+02|
7.184E+00|6.648E+02|
7.185E+00|6.647E+02|
7.186E+00|6.646E+02|
7.187E+00|6.646E+02|
7.188E+00|6.645E+02|
7.189E+00|6.644E+02|
7.190E+00|6.644E+02|
7.191E+00|6.643E+02|
7.192E+00|6.642E+02|
7.193E+00|6.642E+02|
7.194E+00|6.641E+02|
7.195E+00|6.640E+02|
7.196E+00|6.640E+02|
7.197E+00|6.639E+02|
7.198E+00|6.638E+02|
7.199E+00|6.638E+02|
7.200E+00|6.637E+02|
7.201E+00|6.636E+02|
7.202E+00|6.636E+02|
7.203E+00|6.635E+02|
7.204E+00|6.634E+02|
7.205E+00|6.634E+02|
7.206E+00|6.633E+02|
7.207E+00|6.632E+02|
7.208E+00|6.632E+02|
7.209E+00|6.631E+02|
7.210E+00|6.630E+02|
7.211E+00|6.630E+02|
7.212E+00|6.629E+02|
7.213E+00|6.628E+02|
7.214E+00|6.628E+02|
7.215E+00|6.627E+02|
7.216E+00|6.626E+02|
7.217E+00|6.626E+02|
7.218E+00|6.625E+02|
7.219E+00|6.624E+02|
7.220E+00|6.624E+02|
7.221E+00|6.623E+02|
7.222E+00|6.622E+02|
7.223E+00|6.622E+02|
7.224E+00|6.621E+02|
7.225E+00|6.620E+02|
7.226E+00|6.620E+02|
7.227E+00|6.619E+02|
7.228E+00|6.618E+02|
7.229E+00|6.618E+02|
7.230E+00|6.617E+02|
7.231E+00|6.616E+02|
7.232E+00|6.616E+02|
7.233E+00|6.615E+02|
7.234E+00|6.614E+02|
7.235E+00|6.614E+02|
7.236E+00|6.613E+02|
7.237E+00|6.612E+02|
7.238E+00|6.612E+02|
7.239E+00|6.611E+02|
7.240E+00|6.610E+02|
7.241E+00|6.610E+02|
7.242E+00|6.609E+02|
7.243E+00|6.608E+02|
7.244E+00|6.608E+02|
7.245E+00|6.607E+02|
7.246E+00|6.606E+02|
7.247E+00|6.606E+02|
7.248E+00|6.605E+02|
7.249E+00|6.604E+02|
7.250E+00|6.604E+02|
7.251E+00|6.603E+02|
7.252E+00|6.602E+02|
7.253E+00|6.602E+02|
7.254E+00|6.601E+02|
7.255E+00|6.600E+02|
7.256E+00|6.600E+02|
7.257E+00|6.599E+02|
7.258E+00|6.598E+02|
7.259E+00|6.598E+02|
7.260E+00|6.597E+02|
7.261E+00|6.597E+02|
7.262E+00|6.596E+02|
7.263E+00|6.595E+02|
7.264E+00|6.595E+02|
7.265E+00|6.594E+02|
7.266E+00|6.593E+02|
7.267E+00|6.593E+02|
7.268E+00|6.592E+02|
7.269E+00|6.591E+02|
7.270E+00|6.591E+02|
7.271E+00|6.590E+02|
7.272E+00|6.589E+02|
7.273E+00|6.589E+02|
7.274E+00|6.588E+02|
7.275E+00|6.587E+02|
7.276E+00|6.587E+02|
7.277E+00|6.586E+02|
7.278E+00|6.585E+02|
7.279E+00|6.585E+02|
7.280E+00|6.584E+02|
7.281E+00|6.583E+02|
7.282E+00|6.583E+02|
7.283E+00|6.582E+02|
7.284E+00|6.581E+02|
7.285E+00|6.581E+02|
7.286E+00|6.580E+02|
7.287E+00|6.579E+02|
7.288E+00|6.579E+02|
7.289E+00|6.578E+02|
7.290E+00|6.577E+02|
7.291E+00|6.577E+02|
7.292E+00|6.576E+02|
7.293E+00|6.575E+02|
7.294E+00|6.575E+02|
7.295E+00|6.574E+02|
7.296E+00|6.573E+02|
7.297E+00|6.573E+02|
7.298E+00|6.572E+02|
7.299E+00|6.572E+02|
7.300E+00|6.571E+02|
7.301E+00|6.570E+02|
7.302E+00|6.570E+02|
7.303E+00|6.569E+02|
7.304E+00|6.568E+02|
7.305E+00|6.568E+02|
7.306E+00|6.567E+02|
7.307E+00|6.566E+02|
7.308E+00|6.566E+02|
7.309E+00|6.565E+02|
7.310E+00|6.564E+02|
7.311E+00|6.564E+02|
7.312E+00|6.563E+02|
7.313E+00|6.562E+02|
7.314E+00|6.562E+02|
7.315E+00|6.561E+02|
7.316E+00|6.560E+02|
7.317E+00|6.560E+02|
7.318E+00|6.559E+02|
7.319E+00|6.558E+02|
7.320E+00|6.558E+02|
7.321E+00|6.557E+02|
7.322E+00|6.557E+02|
7.323E+00|6.556E+02|
7.324E+00|6.555E+02|
7.325E+00|6.555E+02|
7.326E+00|6.554E+02|
7.327E+00|6.553E+02|
7.328E+00|6.553E+02|
7.329E+00|6.552E+02|
7.330E+00|6.551E+02|
7.331E+00|6.551E+02|
7.332E+00|6.550E+02|
7.333E+00|6.549E+02|
7.334E+00|6.549E+02|
7.335E+00|6.548E+02|
7.336E+00|6.547E+02|
7.337E+00|6.547E+02|
7.338E+00|6.546E+02|
7.339E+00|6.545E+02|
7.340E+00|6.545E+02|
7.341E+00|6.544E+02|
7.342E+00|6.544E+02|
7.343E+00|6.543E+02|
7.344E+00|6.542E+02|
7.345E+00|6.542E+02|
7.346E+00|6.541E+02|
7.347E+00|6.540E+02|
7.348E+00|6.540E+02|
7.349E+00|6.539E+02|
7.350E+00|6.538E+02|
7.351E+00|6.538E+02|
7.352E+00|6.537E+02|
7.353E+00|6.536E+02|
7.354E+00|6.536E+02|
7.355E+00|6.535E+02|
7.356E+00|6.534E+02|
7.357E+00|6.534E+02|
7.358E+00|6.533E+02|
7.359E+00|6.533E+02|
7.360E+00|6.532E+02|
7.361E+00|6.531E+02|
7.362E+00|6.531E+02|
7.363E+00|6.530E+02|
7.364E+00|6.529E+02|
7.365E+00|6.529E+02|
7.366E+00|6.528E+02|
7.367E+00|6.527E+02|
7.368E+00|6.527E+02|
7.369E+00|6.526E+02|
7.370E+00|6.525E+02|
7.371E+00|6.525E+02|
7.372E+00|6.524E+02|
7.373E+00|6.523E+02|
7.374E+00|6.523E+02|
7.375E+00|6.522E+02|
7.376E+00|6.522E+02|
7.377E+00|6.521E+02|
7.378E+00|6.520E+02|
7.379E+00|6.520E+02|
7.380E+00|6.519E+02|
7.381E+00|6.518E+02|
7.382E+00|6.518E+02|
7.383E+00|6.517E+02|
7.384E+00|6.516E+02|
7.385E+00|6.516E+02|
7.386E+00|6.515E+02|
7.387E+00|6.514E+02|
7.388E+00|6.514E+02|
7.389E+00|6.513E+02|
7.390E+00|6.513E+02|
7.391E+00|6.512E+02|
7.392E+00|6.511E+02|
7.393E+00|6.511E+02|
7.394E+00|6.510E+02|
7.395E+00|6.509E+02|
7.396E+00|6.509E+02|
7.397E+00|6.508E+02|
7.398E+00|6.507E+02|
7.399E+00|6.507E+02|
7.400E+00|6.506E+02|
7.401E+00|6.506E+02|
7.402E+00|6.505E+02|
7.403E+00|6.504E+02|
7.404E+00|6.504E+02|
7.405E+00|6.503E+02|
7.406E+00|6.502E+02|
7.407E+00|6.502E+02|
7.408E+00|6.501E+02|
7.409E+00|6.500E+02|
7.410E+00|6.500E+02|
7.411E+00|6.499E+02|
7.412E+00|6.498E+02|
7.413E+00|6.498E+02|
7.414E+00|6.497E+02|
7.415E+00|6.497E+02|
7.416E+00|6.496E+02|
7.417E+00|6.495E+02|
7.418E+00|6.495E+02|
7.419E+00|6.494E+02|
7.420E+00|6.493E+02|
7.421E+00|6.493E+02|
7.422E+00|6.492E+02|
7.423E+00|6.491E+02|
7.424E+00|6.491E+02|
7.425E+00|6.490E+02|
7.426E+00|6.490E+02|
7.427E+00|6.489E+02|
7.428E+00|6.488E+02|
7.429E+00|6.488E+02|
7.430E+00|6.487E+02|
7.431E+00|6.486E+02|
7.432E+00|6.486E+02|
7.433E+00|6.485E+02|
7.434E+00|6.484E+02|
7.435E+00|6.484E+02|
7.436E+00|6.483E+02|
7.437E+00|6.483E+02|
7.438E+00|6.482E+02|
7.439E+00|6.481E+02|
7.440E+00|6.481E+02|
7.441E+00|6.480E+02|
7.442E+00|6.479E+02|
7.443E+00|6.479E+02|
7.444E+00|6.478E+02|
7.445E+00|6.477E+02|
7.446E+00|6.477E+02|
7.447E+00|6.476E+02|
7.448E+00|6.476E+02|
7.449E+00|6.475E+02|
7.450E+00|6.474E+02|
7.451E+00|6.474E+02|
7.452E+00|6.473E+02|
7.453E+00|6.472E+02|
7.454E+00|6.472E+02|
7.455E+00|6.471E+02|
7.456E+00|6.471E+02|
7.457E+00|6.470E+02|
7.458E+00|6.469E+02|
7.459E+00|6.469E+02|
7.460E+00|6.468E+02|
7.461E+00|6.467E+02|
7.462E+00|6.467E+02|
7.463E+00|6.466E+02|
7.464E+00|6.465E+02|
7.465E+00|6.465E+02|
7.466E+00|6.464E+02|
7.467E+00|6.464E+02|
7.468E+00|6.463E+02|
7.469E+00|6.462E+02|
7.470E+00|6.462E+02|
7.471E+00|6.461E+02|
7.472E+00|6.460E+02|
7.473E+00|6.460E+02|
7.474E+00|6.459E+02|
7.475E+00|6.459E+02|
7.476E+00|6.458E+02|
7.477E+00|6.457E+02|
7.478E+00|6.457E+02|
7.479E+00|6.456E+02|
7.480E+00|6.455E+02|
7.481E+00|6.455E+02|
7.482E+00|6.454E+02|
7.483E+00|6.454E+02|
7.484E+00|6.453E+02|
7.485E+00|6.452E+02|
7.486E+00|6.452E+02|
7.487E+00|6.451E+02|
7.488E+00|6.450E+02|
7.489E+00|6.450E+02|
7.490E+00|6.449E+02|
7.491E+00|6.448E+02|
7.492E+00|6.448E+02|
7.493E+00|6.447E+02|
7.494E+00|6.447E+02|
7.495E+00|6.446E+02|
7.496E+00|6.445E+02|
7.497E+00|6.445E+02|
7.498E+00|6.444E+02|
7.499E+00|6.443E+02|
7.500E+00|6.443E+02|
7.501E+00|6.442E+02|
7.502E+00|6.442E+02|
7.503E+00|6.441E+02|
7.504E+00|6.440E+02|
7.505E+00|6.440E+02|
7.506E+00|6.439E+02|
7.507E+00|6.438E+02|
7.508E+00|6.438E+02|
7.509E+00|6.437E+02|
7.510E+00|6.437E+02|
7.511E+00|6.436E+02|
7.512E+00|6.435E+02|
7.513E+00|6.435E+02|
7.514E+00|6.434E+02|
7.515E+00|6.433E+02|
7.516E+00|6.433E+02|
7.517E+00|6.432E+02|
7.518E+00|6.432E+02|
7.519E+00|6.431E+02|
7.520E+00|6.430E+02|
7.521E+00|6.430E+02|
7.522E+00|6.429E+02|
7.523E+00|6.428E+02|
7.524E+00|6.428E+02|
7.525E+00|6.427E+02|
7.526E+00|6.427E+02|
7.527E+00|6.426E+02|
7.528E+00|6.425E+02|
7.529E+00|6.425E+02|
7.530E+00|6.424E+02|
7.531E+00|6.423E+02|
7.532E+00|6.423E+02|
7.533E+00|6.422E+02|
7.534E+00|6.422E+02|
7.535E+00|6.421E+02|
7.536E+00|6.420E+02|
7.537E+00|6.420E+02|
7.538E+00|6.419E+02|
7.539E+00|6.419E+02|
7.540E+00|6.418E+02|
7.541E+00|6.417E+02|
7.542E+00|6.417E+02|
7.543E+00|6.416E+02|
7.544E+00|6.415E+02|
7.545E+00|6.415E+02|
7.546E+00|6.414E+02|
7.547E+00|6.414E+02|
7.548E+00|6.413E+02|
7.549E+00|6.412E+02|
7.550E+00|6.412E+02|
7.551E+00|6.411E+02|
7.552E+00|6.410E+02|
7.553E+00|6.410E+02|
7.554E+00|6.409E+02|
7.555E+00|6.409E+02|
7.556E+00|6.408E+02|
7.557E+00|6.407E+02|
7.558E+00|6.407E+02|
7.559E+00|6.406E+02|
7.560E+00|6.406E+02|
7.561E+00|6.405E+02|
7.562E+00|6.404E+02|
7.563E+00|6.404E+02|
7.564E+00|6.403E+02|
7.565E+00|6.402E+02|
7.566E+00|6.402E+02|
7.567E+00|6.401E+02|
7.568E+00|6.401E+02|
7.569E+00|6.400E+02|
7.570E+00|6.399E+02|
7.571E+00|6.399E+02|
7.572E+00|6.398E+02|
7.573E+00|6.397E+02|
7.574E+00|6.397E+02|
7.575E+00|6.396E+02|
7.576E+00|6.396E+02|
7.577E+00|6.395E+02|
7.578E+00|6.394E+02|
7.579E+00|6.394E+02|
7.580E+00|6.393E+02|
7.581E+00|6.393E+02|
7.582E+00|6.392E+02|
7.583E+00|6.391E+02|
7.584E+00|6.391E+02|
7.585E+00|6.390E+02|
7.586E+00|6.389E+02|
7.587E+00|6.389E+02|
7.588E+00|6.388E+02|
7.589E+00|6.388E+02|
7.590E+00|6.387E+02|
7.591E+00|6.386E+02|
7.592E+00|6.386E+02|
7.593E+00|6.385E+02|
7.594E+00|6.385E+02|
7.595E+00|6.384E+02|
7.596E+00|6.383E+02|
7.597E+00|6.383E+02|
7.598E+00|6.382E+02|
7.599E+00|6.382E+02|
7.600E+00|6.381E+02|
7.601E+00|6.380E+02|
7.602E+00|6.380E+02|
7.603E+00|6.379E+02|
7.604E+00|6.378E+02|
7.605E+00|6.378E+02|
7.606E+00|6.377E+02|
7.607E+00|6.377E+02|
7.608E+00|6.376E+02|
7.609E+00|6.375E+02|
7.610E+00|6.375E+02|
7.611E+00|6.374E+02|
7.612E+00|6.374E+02|
7.613E+00|6.373E+02|
7.614E+00|6.372E+02|
7.615E+00|6.372E+02|
7.616E+00|6.371E+02|
7.617E+00|6.371E+02|
7.618E+00|6.370E+02|
7.619E+00|6.369E+02|
7.620E+00|6.369E+02|
7.621E+00|6.368E+02|
7.622E+00|6.367E+02|
7.623E+00|6.367E+02|
7.624E+00|6.366E+02|
7.625E+00|6.366E+02|
7.626E+00|6.365E+02|
7.627E+00|6.364E+02|
7.628E+00|6.364E+02|
7.629E+00|6.363E+02|
7.630E+00|6.363E+02|
7.631E+00|6.362E+02|
7.632E+00|6.361E+02|
7.633E+00|6.361E+02|
7.634E+00|6.360E+02|
7.635E+00|6.360E+02|
7.636E+00|6.359E+02|
7.637E+00|6.358E+02|
7.638E+00|6.358E+02|
7.639E+00|6.357E+02|
7.640E+00|6.356E+02|
7.641E+00|6.356E+02|
7.642E+00|6.355E+02|
7.643E+00|6.355E+02|
7.644E+00|6.354E+02|
7.645E+00|6.353E+02|
7.646E+00|6.353E+02|
7.647E+00|6.352E+02|
7.648E+00|6.352E+02|
7.649E+00|6.351E+02|
7.650E+00|6.350E+02|
7.651E+00|6.350E+02|
7.652E+00|6.349E+02|
7.653E+00|6.349E+02|
7.654E+00|6.348E+02|
7.655E+00|6.347E+02|
7.656E+00|6.347E+02|
7.657E+00|6.346E+02|
7.658E+00|6.346E+02|
7.659E+00|6.345E+02|
7.660E+00|6.344E+02|
7.661E+00|6.344E+02|
7.662E+00|6.343E+02|
7.663E+00|6.343E+02|
7.664E+00|6.342E+02|
7.665E+00|6.341E+02|
7.666E+00|6.341E+02|
7.667E+00|6.340E+02|
7.668E+00|6.340E+02|
7.669E+00|6.339E+02|
7.670E+00|6.338E+02|
7.671E+00|6.338E+02|
7.672E+00|6.337E+02|
7.673E+00|6.337E+02|
7.674E+00|6.336E+02|
7.675E+00|6.335E+02|
7.676E+00|6.335E+02|
7.677E+00|6.334E+02|
7.678E+00|6.334E+02|
7.679E+00|6.333E+02|
7.680E+00|6.332E+02|
7.681E+00|6.332E+02|
7.682E+00|6.331E+02|
7.683E+00|6.330E+02|
7.684E+00|6.330E+02|
7.685E+00|6.329E+02|
7.686E+00|6.329E+02|
7.687E+00|6.328E+02|
7.688E+00|6.327E+02|
7.689E+00|6.327E+02|
7.690E+00|6.326E+02|
7.691E+00|6.326E+02|
7.692E+00|6.325E+02|
7.693E+00|6.324E+02|
7.694E+00|6.324E+02|
7.695E+00|6.323E+02|
7.696E+00|6.323E+02|
7.697E+00|6.322E+02|
7.698E+00|6.321E+02|
7.699E+00|6.321E+02|
7.700E+00|6.320E+02|
7.701E+00|6.320E+02|
7.702E+00|6.319E+02|
7.703E+00|6.318E+02|
7.704E+00|6.318E+02|
7.705E+00|6.317E+02|
7.706E+00|6.317E+02|
7.707E+00|6.316E+02|
7.708E+00|6.315E+02|
7.709E+00|6.315E+02|
7.710E+00|6.314E+02|
7.711E+00|6.314E+02|
7.712E+00|6.313E+02|
7.713E+00|6.312E+02|
7.714E+00|6.312E+02|
7.715E+00|6.311E+02|
7.716E+00|6.311E+02|
7.717E+00|6.310E+02|
7.718E+00|6.310E+02|
7.719E+00|6.309E+02|
7.720E+00|6.308E+02|
7.721E+00|6.308E+02|
7.722E+00|6.307E+02|
7.723E+00|6.307E+02|
7.724E+00|6.306E+02|
7.725E+00|6.305E+02|
7.726E+00|6.305E+02|
7.727E+00|6.304E+02|
7.728E+00|6.304E+02|
7.729E+00|6.303E+02|
7.730E+00|6.302E+02|
7.731E+00|6.302E+02|
7.732E+00|6.301E+02|
7.733E+00|6.301E+02|
7.734E+00|6.300E+02|
7.735E+00|6.299E+02|
7.736E+00|6.299E+02|
7.737E+00|6.298E+02|
7.738E+00|6.298E+02|
7.739E+00|6.297E+02|
7.740E+00|6.296E+02|
7.741E+00|6.296E+02|
7.742E+00|6.295E+02|
7.743E+00|6.295E+02|
7.744E+00|6.294E+02|
7.745E+00|6.293E+02|
7.746E+00|6.293E+02|
7.747E+00|6.292E+02|
7.748E+00|6.292E+02|
7.749E+00|6.291E+02|
7.750E+00|6.290E+02|
7.751E+00|6.290E+02|
7.752E+00|6.289E+02|
7.753E+00|6.289E+02|
7.754E+00|6.288E+02|
7.755E+00|6.287E+02|
7.756E+00|6.287E+02|
7.757E+00|6.286E+02|
7.758E+00|6.286E+02|
7.759E+00|6.285E+02|
7.760E+00|6.285E+02|
7.761E+00|6.284E+02|
7.762E+00|6.283E+02|
7.763E+00|6.283E+02|
7.764E+00|6.282E+02|
7.765E+00|6.282E+02|
7.766E+00|6.281E+02|
7.767E+00|6.280E+02|
7.768E+00|6.280E+02|
7.769E+00|6.279E+02|
7.770E+00|6.279E+02|
7.771E+00|6.278E+02|
7.772E+00|6.277E+02|
7.773E+00|6.277E+02|
7.774E+00|6.276E+02|
7.775E+00|6.276E+02|
7.776E+00|6.275E+02|
7.777E+00|6.274E+02|
7.778E+00|6.274E+02|
7.779E+00|6.273E+02|
7.780E+00|6.273E+02|
7.781E+00|6.272E+02|
7.782E+00|6.272E+02|
7.783E+00|6.271E+02|
7.784E+00|6.270E+02|
7.785E+00|6.270E+02|
7.786E+00|6.269E+02|
7.787E+00|6.269E+02|
7.788E+00|6.268E+02|
7.789E+00|6.267E+02|
7.790E+00|6.267E+02|
7.791E+00|6.266E+02|
7.792E+00|6.266E+02|
7.793E+00|6.265E+02|
7.794E+00|6.264E+02|
7.795E+00|6.264E+02|
7.796E+00|6.263E+02|
7.797E+00|6.263E+02|
7.798E+00|6.262E+02|
7.799E+00|6.262E+02|
7.800E+00|6.261E+02|
7.801E+00|6.260E+02|
7.802E+00|6.260E+02|
7.803E+00|6.259E+02|
7.804E+00|6.259E+02|
7.805E+00|6.258E+02|
7.806E+00|6.257E+02|
7.807E+00|6.257E+02|
7.808E+00|6.256E+02|
7.809E+00|6.256E+02|
7.810E+00|6.255E+02|
7.811E+00|6.254E+02|
7.812E+00|6.254E+02|
7.813E+00|6.253E+02|
7.814E+00|6.253E+02|
7.815E+00|6.252E+02|
7.816E+00|6.252E+02|
7.817E+00|6.251E+02|
7.818E+00|6.250E+02|
7.819E+00|6.250E+02|
7.820E+00|6.249E+02|
7.821E+00|6.249E+02|
7.822E+00|6.248E+02|
7.823E+00|6.247E+02|
7.824E+00|6.247E+02|
7.825E+00|6.246E+02|
7.826E+00|6.246E+02|
7.827E+00|6.245E+02|
7.828E+00|6.245E+02|
7.829E+00|6.244E+02|
7.830E+00|6.243E+02|
7.831E+00|6.243E+02|
7.832E+00|6.242E+02|
7.833E+00|6.242E+02|
7.834E+00|6.241E+02|
7.835E+00|6.240E+02|
7.836E+00|6.240E+02|
7.837E+00|6.239E+02|
7.838E+00|6.239E+02|
7.839E+00|6.238E+02|
7.840E+00|6.238E+02|
7.841E+00|6.237E+02|
7.842E+00|6.236E+02|
7.843E+00|6.236E+02|
7.844E+00|6.235E+02|
7.845E+00|6.235E+02|
7.846E+00|6.234E+02|
7.847E+00|6.233E+02|
7.848E+00|6.233E+02|
7.849E+00|6.232E+02|
7.850E+00|6.232E+02|
7.851E+00|6.231E+02|
7.852E+00|6.231E+02|
7.853E+00|6.230E+02|
7.854E+00|6.229E+02|
7.855E+00|6.229E+02|
7.856E+00|6.228E+02|
7.857E+00|6.228E+02|
7.858E+00|6.227E+02|
7.859E+00|6.227E+02|
7.860E+00|6.226E+02|
7.861E+00|6.225E+02|
7.862E+00|6.225E+02|
7.863E+00|6.224E+02|
7.864E+00|6.224E+02|
7.865E+00|6.223E+02|
7.866E+00|6.222E+02|
7.867E+00|6.222E+02|
7.868E+00|6.221E+02|
7.869E+00|6.221E+02|
7.870E+00|6.220E+02|
7.871E+00|6.220E+02|
7.872E+00|6.219E+02|
7.873E+00|6.218E+02|
7.874E+00|6.218E+02|
7.875E+00|6.217E+02|
7.876E+00|6.217E+02|
7.877E+00|6.216E+02|
7.878E+00|6.216E+02|
7.879E+00|6.215E+02|
7.880E+00|6.214E+02|
7.881E+00|6.214E+02|
7.882E+00|6.213E+02|
7.883E+00|6.213E+02|
7.884E+00|6.212E+02|
7.885E+00|6.211E+02|
7.886E+00|6.211E+02|
7.887E+00|6.210E+02|
7.888E+00|6.210E+02|
7.889E+00|6.209E+02|
7.890E+00|6.209E+02|
7.891E+00|6.208E+02|
7.892E+00|6.207E+02|
7.893E+00|6.207E+02|
7.894E+00|6.206E+02|
7.895E+00|6.206E+02|
7.896E+00|6.205E+02|
7.897E+00|6.205E+02|
7.898E+00|6.204E+02|
7.899E+00|6.203E+02|
7.900E+00|6.203E+02|
7.901E+00|6.202E+02|
7.902E+00|6.202E+02|
7.903E+00|6.201E+02|
7.904E+00|6.201E+02|
7.905E+00|6.200E+02|
7.906E+00|6.199E+02|
7.907E+00|6.199E+02|
7.908E+00|6.198E+02|
7.909E+00|6.198E+02|
7.910E+00|6.197E+02|
7.911E+00|6.197E+02|
7.912E+00|6.196E+02|
7.913E+00|6.195E+02|
7.914E+00|6.195E+02|
7.915E+00|6.194E+02|
7.916E+00|6.194E+02|
7.917E+00|6.193E+02|
7.918E+00|6.193E+02|
7.919E+00|6.192E+02|
7.920E+00|6.191E+02|
7.921E+00|6.191E+02|
7.922E+00|6.190E+02|
7.923E+00|6.190E+02|
7.924E+00|6.189E+02|
7.925E+00|6.189E+02|
7.926E+00|6.188E+02|
7.927E+00|6.187E+02|
7.928E+00|6.187E+02|
7.929E+00|6.186E+02|
7.930E+00|6.186E+02|
7.931E+00|6.185E+02|
7.932E+00|6.185E+02|
7.933E+00|6.184E+02|
7.934E+00|6.183E+02|
7.935E+00|6.183E+02|
7.936E+00|6.182E+02|
7.937E+00|6.182E+02|
7.938E+00|6.181E+02|
7.939E+00|6.181E+02|
7.940E+00|6.180E+02|
7.941E+00|6.179E+02|
7.942E+00|6.179E+02|
7.943E+00|6.178E+02|
7.944E+00|6.178E+02|
7.945E+00|6.177E+02|
7.946E+00|6.177E+02|
7.947E+00|6.176E+02|
7.948E+00|6.175E+02|
7.949E+00|6.175E+02|
7.950E+00|6.174E+02|
7.951E+00|6.174E+02|
7.952E+00|6.173E+02|
7.953E+00|6.173E+02|
7.954E+00|6.172E+02|
7.955E+00|6.171E+02|
7.956E+00|6.171E+02|
7.957E+00|6.170E+02|
7.958E+00|6.170E+02|
7.959E+00|6.169E+02|
7.960E+00|6.169E+02|
7.961E+00|6.168E+02|
7.962E+00|6.167E+02|
7.963E+00|6.167E+02|
7.964E+00|6.166E+02|
7.965E+00|6.166E+02|
7.966E+00|6.165E+02|
7.967E+00|6.165E+02|
7.968E+00|6.164E+02|
7.969E+00|6.163E+02|
7.970E+00|6.163E+02|
7.971E+00|6.162E+02|
7.972E+00|6.162E+02|
7.973E+00|6.161E+02|
7.974E+00|6.161E+02|
7.975E+00|6.160E+02|
7.976E+00|6.159E+02|
7.977E+00|6.159E+02|
7.978E+00|6.158E+02|
7.979E+00|6.158E+02|
7.980E+00|6.157E+02|
7.981E+00|6.157E+02|
7.982E+00|6.156E+02|
7.983E+00|6.156E+02|
7.984E+00|6.155E+02|
7.985E+00|6.154E+02|
7.986E+00|6.154E+02|
7.987E+00|6.153E+02|
7.988E+00|6.153E+02|
7.989E+00|6.152E+02|
7.990E+00|6.152E+02|
7.991E+00|6.151E+02|
7.992E+00|6.150E+02|
7.993E+00|6.150E+02|
7.994E+00|6.149E+02|
7.995E+00|6.149E+02|
7.996E+00|6.148E+02|
7.997E+00|6.148E+02|
7.998E+00|6.147E+02|
7.999E+00|6.147E+02|
8.000E+00|6.146E+02|